2016	1	-9999
2016	2	-9999
2016	3	-9999
2016	4	0.3862
2016	5	0.3832
2016	6	0.3802
2016	7	0.3772
2016	8	0.3742
2016	9	0.3712
2016	10	0.3682
2016	11	0.3652
2016	12	0.365675
2016	13	0.36615
2016	14	0.366625
2016	15	0.3671
2016	16	0.367575
2016	17	0.36805
2016	18	0.368525
2016	19	0.369
2016	20	0.369475
2016	21	0.36995
2016	22	0.370425
2016	23	0.3709
2016	24	0.371375
2016	25	0.37185
2016	26	0.372325
2016	27	0.3728
2016	28	0.369857142857143
2016	29	0.366914285714286
2016	30	0.363971428571429
2016	31	0.361028571428571
2016	32	0.358085714285714
2016	33	0.355142857142857
2016	34	0.3522
2016	35	0.353928
2016	36	0.355656
2016	37	0.357384
2016	38	0.359112
2016	39	0.36084
2016	40	0.362568
2016	41	0.364296
2016	42	0.366024
2016	43	0.367752
2016	44	0.36948
2016	45	0.371208
2016	46	0.372936
2016	47	0.374664
2016	48	0.376392
2016	49	0.37812
2016	50	0.379848
2016	51	0.381576
2016	52	0.383304
2016	53	0.385032
2016	54	0.38676
2016	55	0.388488
2016	56	0.390216
2016	57	0.391944
2016	58	0.393672
2016	59	0.3954
2016	60	0.39604375
2016	61	0.3966875
2016	62	0.39733125
2016	63	0.397975
2016	64	0.39861875
2016	65	0.3992625
2016	66	0.39990625
2016	67	0.40055
2016	68	0.40119375
2016	69	0.4018375
2016	70	0.40248125
2016	71	0.403125
2016	72	0.40376875
2016	73	0.4044125
2016	74	0.40505625
2016	75	0.4057
2016	76	0.406575
2016	77	0.40745
2016	78	0.408325
2016	79	0.4092
2016	80	0.410075
2016	81	0.41095
2016	82	0.411825
2016	83	0.4127
2016	84	0.413575
2016	85	0.41445
2016	86	0.415325
2016	87	0.4162
2016	88	0.417075
2016	89	0.41795
2016	90	0.418825
2016	91	0.4197
2016	92	0.422778571428571
2016	93	0.425857142857143
2016	94	0.428935714285714
2016	95	0.432014285714286
2016	96	0.435092857142857
2016	97	0.438171428571429
2016	98	0.44125
2016	99	0.444328571428572
2016	100	0.447407142857143
2016	101	0.450485714285714
2016	102	0.453564285714286
2016	103	0.456642857142857
2016	104	0.459721428571429
2016	105	0.4628
2016	106	0.465
2016	107	0.4672
2016	108	0.4694
2016	109	0.4716
2016	110	0.4738
2016	111	0.476
2016	112	0.4782
2016	113	0.4804
2016	114	0.4826
2016	115	0.48578125
2016	116	0.4889625
2016	117	0.49214375
2016	118	0.495325
2016	119	0.49850625
2016	120	0.5016875
2016	121	0.50486875
2016	122	0.50805
2016	123	0.51123125
2016	124	0.5144125
2016	125	0.51759375
2016	126	0.520775
2016	127	0.52395625
2016	128	0.5271375
2016	129	0.53031875
2016	130	0.5335
2016	131	0.534633333333333
2016	132	0.535766666666667
2016	133	0.5369
2016	134	0.538033333333333
2016	135	0.539166666666667
2016	136	0.5403
2016	137	0.541433333333333
2016	138	0.542566666666667
2016	139	0.5437
2016	140	0.544833333333333
2016	141	0.545966666666667
2016	142	0.5471
2016	143	0.548233333333333
2016	144	0.549366666666667
2016	145	0.5505
2016	146	0.551633333333333
2016	147	0.552766666666667
2016	148	0.5539
2016	149	0.554631578947369
2016	150	0.555363157894737
2016	151	0.556094736842105
2016	152	0.556826315789474
2016	153	0.557557894736842
2016	154	0.558289473684211
2016	155	0.559021052631579
2016	156	0.559752631578947
2016	157	0.560484210526316
2016	158	0.561215789473684
2016	159	0.561947368421053
2016	160	0.562678947368421
2016	161	0.56341052631579
2016	162	0.564142105263158
2016	163	0.564873684210526
2016	164	0.565605263157895
2016	165	0.566336842105263
2016	166	0.567068421052632
2016	167	0.5678
2016	168	0.565895
2016	169	0.56399
2016	170	0.562085
2016	171	0.56018
2016	172	0.558275
2016	173	0.55637
2016	174	0.554465
2016	175	0.55256
2016	176	0.550655
2016	177	0.54875
2016	178	0.546845
2016	179	0.54494
2016	180	0.543035
2016	181	0.54113
2016	182	0.539225
2016	183	0.53732
2016	184	0.535415
2016	185	0.53351
2016	186	0.531605
2016	187	0.5297
2016	188	0.52581875
2016	189	0.5219375
2016	190	0.51805625
2016	191	0.514175
2016	192	0.51029375
2016	193	0.5064125
2016	194	0.50253125
2016	195	0.49865
2016	196	0.49476875
2016	197	0.4908875
2016	198	0.48700625
2016	199	0.483125
2016	200	0.47924375
2016	201	0.4753625
2016	202	0.47148125
2016	203	0.4676
2016	204	0.466491666666667
2016	205	0.465383333333333
2016	206	0.464275
2016	207	0.463166666666667
2016	208	0.462058333333333
2016	209	0.46095
2016	210	0.459841666666667
2016	211	0.458733333333333
2016	212	0.457625
2016	213	0.456516666666667
2016	214	0.455408333333333
2016	215	0.4543
2016	216	0.454186363636364
2016	217	0.454072727272727
2016	218	0.453959090909091
2016	219	0.453845454545455
2016	220	0.453731818181818
2016	221	0.453618181818182
2016	222	0.453504545454545
2016	223	0.453390909090909
2016	224	0.453277272727273
2016	225	0.453163636363636
2016	226	0.45305
2016	227	0.452936363636364
2016	228	0.452822727272727
2016	229	0.452709090909091
2016	230	0.452595454545455
2016	231	0.452481818181818
2016	232	0.452368181818182
2016	233	0.452254545454545
2016	234	0.452140909090909
2016	235	0.452027272727273
2016	236	0.451913636363636
2016	237	0.4518
2016	238	0.45496875
2016	239	0.4581375
2016	240	0.46130625
2016	241	0.464475
2016	242	0.46764375
2016	243	0.4708125
2016	244	0.47398125
2016	245	0.47715
2016	246	0.48031875
2016	247	0.4834875
2016	248	0.48665625
2016	249	0.489825
2016	250	0.49299375
2016	251	0.4961625
2016	252	0.49933125
2016	253	0.5025
2016	254	0.507541666666667
2016	255	0.512583333333333
2016	256	0.517625
2016	257	0.522666666666667
2016	258	0.527708333333333
2016	259	0.53275
2016	260	0.537791666666667
2016	261	0.542833333333333
2016	262	0.547875
2016	263	0.552916666666667
2016	264	0.557958333333333
2016	265	0.563
2016	266	0.555311111111111
2016	267	0.547622222222222
2016	268	0.539933333333333
2016	269	0.532244444444445
2016	270	0.524555555555556
2016	271	0.516866666666667
2016	272	0.509177777777778
2016	273	0.501488888888889
2016	274	0.4938
2016	275	0.49375
2016	276	0.4937
2016	277	0.49365
2016	278	0.4936
2016	279	0.49355
2016	280	0.4935
2016	281	0.49345
2016	282	0.4934
2016	283	0.49335
2016	284	0.4933
2016	285	0.49325
2016	286	0.4932
2016	287	0.49315
2016	288	0.4931
2016	289	0.49305
2016	290	0.493
2016	291	0.49244375
2016	292	0.4918875
2016	293	0.49133125
2016	294	0.490775
2016	295	0.49021875
2016	296	0.4896625
2016	297	0.48910625
2016	298	0.48855
2016	299	0.48799375
2016	300	0.4874375
2016	301	0.48688125
2016	302	0.486325
2016	303	0.48576875
2016	304	0.4852125
2016	305	0.48465625
2016	306	0.4841
2016	307	0.484013043478261
2016	308	0.483926086956522
2016	309	0.483839130434783
2016	310	0.483752173913044
2016	311	0.483665217391304
2016	312	0.483578260869565
2016	313	0.483491304347826
2016	314	0.483404347826087
2016	315	0.483317391304348
2016	316	0.483230434782609
2016	317	0.48314347826087
2016	318	0.48305652173913
2016	319	0.482969565217391
2016	320	0.482882608695652
2016	321	0.482795652173913
2016	322	0.482708695652174
2016	323	0.482621739130435
2016	324	0.482534782608696
2016	325	0.482447826086957
2016	326	0.482360869565217
2016	327	0.482273913043478
2016	328	0.482186956521739
2016	329	0.4821
2016	330	0.480033333333333
2016	331	0.477966666666667
2016	332	0.4759
2016	333	0.473833333333333
2016	334	0.471766666666667
2016	335	0.4697
2016	336	0.467633333333333
2016	337	0.465566666666667
2016	338	0.4635
2016	339	0.461433333333333
2016	340	0.459366666666667
2016	341	0.4573
2016	342	0.455233333333333
2016	343	0.453166666666667
2016	344	0.4511
2016	345	0.449033333333333
2016	346	0.446966666666667
2016	347	0.4449
2016	348	0.44406875
2016	349	0.4432375
2016	350	0.44240625
2016	351	0.441575
2016	352	0.44074375
2016	353	0.4399125
2016	354	0.43908125
2016	355	0.43825
2016	356	0.43741875
2016	357	0.4365875
2016	358	0.43575625
2016	359	0.434925
2016	360	0.43409375
2016	361	0.4332625
2016	362	0.43243125
2016	363	0.4316
2016	364	0.428875
2016	365	0.42615
2016	366	0.423425
2017	1	0.4207
2017	2	0.417975
2017	3	0.41525
2017	4	0.412525
2017	5	0.4098
2017	6	0.407075
2017	7	0.40435
2017	8	0.401625
2017	9	0.3989
2017	10	0.396905
2017	11	0.39491
2017	12	0.392915
2017	13	0.39092
2017	14	0.388925
2017	15	0.38693
2017	16	0.384935
2017	17	0.38294
2017	18	0.380945
2017	19	0.37895
2017	20	0.376955
2017	21	0.37496
2017	22	0.372965
2017	23	0.37097
2017	24	0.368975
2017	25	0.36698
2017	26	0.364985
2017	27	0.36299
2017	28	0.360995
2017	29	0.359
2017	30	0.361821428571429
2017	31	0.364642857142857
2017	32	0.367464285714286
2017	33	0.370285714285714
2017	34	0.373107142857143
2017	35	0.375928571428571
2017	36	0.37875
2017	37	0.381571428571429
2017	38	0.384392857142857
2017	39	0.387214285714286
2017	40	0.390035714285714
2017	41	0.392857142857143
2017	42	0.395678571428571
2017	43	0.3985
2017	44	0.393655555555556
2017	45	0.388811111111111
2017	46	0.383966666666667
2017	47	0.379122222222222
2017	48	0.374277777777778
2017	49	0.369433333333333
2017	50	0.364588888888889
2017	51	0.359744444444444
2017	52	0.3549
2017	53	0.358408
2017	54	0.361916
2017	55	0.365424
2017	56	0.368932
2017	57	0.37244
2017	58	0.375948
2017	59	0.379456
2017	60	0.382964
2017	61	0.386472
2017	62	0.38998
2017	63	0.393488
2017	64	0.396996
2017	65	0.400504
2017	66	0.404012
2017	67	0.40752
2017	68	0.411028
2017	69	0.414536
2017	70	0.418044
2017	71	0.421552
2017	72	0.42506
2017	73	0.428568
2017	74	0.432076
2017	75	0.435584
2017	76	0.439092
2017	77	0.4426
2017	78	0.442985714285714
2017	79	0.443371428571429
2017	80	0.443757142857143
2017	81	0.444142857142857
2017	82	0.444528571428571
2017	83	0.444914285714286
2017	84	0.4453
2017	85	0.450065217391304
2017	86	0.454830434782609
2017	87	0.459595652173913
2017	88	0.464360869565217
2017	89	0.469126086956522
2017	90	0.473891304347826
2017	91	0.47865652173913
2017	92	0.483421739130435
2017	93	0.488186956521739
2017	94	0.492952173913044
2017	95	0.497717391304348
2017	96	0.502482608695652
2017	97	0.507247826086957
2017	98	0.512013043478261
2017	99	0.516778260869565
2017	100	0.52154347826087
2017	101	0.526308695652174
2017	102	0.531073913043478
2017	103	0.535839130434783
2017	104	0.540604347826087
2017	105	0.545369565217391
2017	106	0.550134782608696
2017	107	0.5549
2017	108	0.552755555555556
2017	109	0.550611111111111
2017	110	0.548466666666667
2017	111	0.546322222222222
2017	112	0.544177777777778
2017	113	0.542033333333333
2017	114	0.539888888888889
2017	115	0.537744444444444
2017	116	0.5356
2017	117	0.533455555555556
2017	118	0.531311111111111
2017	119	0.529166666666667
2017	120	0.527022222222222
2017	121	0.524877777777778
2017	122	0.522733333333333
2017	123	0.520588888888889
2017	124	0.518444444444444
2017	125	0.5163
2017	126	0.5082
2017	127	0.5001
2017	128	0.492
2017	129	0.4839
2017	130	0.4758
2017	131	0.4677
2017	132	0.4596
2017	133	0.4515
2017	134	0.4434
2017	135	0.445996153846154
2017	136	0.448592307692308
2017	137	0.451188461538462
2017	138	0.453784615384615
2017	139	0.456380769230769
2017	140	0.458976923076923
2017	141	0.461573076923077
2017	142	0.464169230769231
2017	143	0.466765384615385
2017	144	0.469361538461538
2017	145	0.471957692307692
2017	146	0.474553846153846
2017	147	0.47715
2017	148	0.479746153846154
2017	149	0.482342307692308
2017	150	0.484938461538462
2017	151	0.487534615384615
2017	152	0.490130769230769
2017	153	0.492726923076923
2017	154	0.495323076923077
2017	155	0.497919230769231
2017	156	0.500515384615385
2017	157	0.503111538461539
2017	158	0.505707692307692
2017	159	0.508303846153846
2017	160	0.5109
2017	161	0.504961538461538
2017	162	0.499023076923077
2017	163	0.493084615384615
2017	164	0.487146153846154
2017	165	0.481207692307692
2017	166	0.475269230769231
2017	167	0.469330769230769
2017	168	0.463392307692308
2017	169	0.457453846153846
2017	170	0.451515384615385
2017	171	0.445576923076923
2017	172	0.439638461538462
2017	173	0.4337
2017	174	0.435171428571429
2017	175	0.436642857142857
2017	176	0.438114285714286
2017	177	0.439585714285714
2017	178	0.441057142857143
2017	179	0.442528571428571
2017	180	0.444
2017	181	0.443248148148148
2017	182	0.442496296296296
2017	183	0.441744444444444
2017	184	0.440992592592593
2017	185	0.440240740740741
2017	186	0.439488888888889
2017	187	0.438737037037037
2017	188	0.437985185185185
2017	189	0.437233333333333
2017	190	0.436481481481481
2017	191	0.43572962962963
2017	192	0.434977777777778
2017	193	0.434225925925926
2017	194	0.433474074074074
2017	195	0.432722222222222
2017	196	0.43197037037037
2017	197	0.431218518518519
2017	198	0.430466666666667
2017	199	0.429714814814815
2017	200	0.428962962962963
2017	201	0.428211111111111
2017	202	0.427459259259259
2017	203	0.426707407407407
2017	204	0.425955555555556
2017	205	0.425203703703704
2017	206	0.424451851851852
2017	207	0.4237
2017	208	0.432136363636364
2017	209	0.440572727272727
2017	210	0.449009090909091
2017	211	0.457445454545455
2017	212	0.465881818181818
2017	213	0.474318181818182
2017	214	0.482754545454546
2017	215	0.491190909090909
2017	216	0.499627272727273
2017	217	0.508063636363636
2017	218	0.5165
2017	219	0.52035
2017	220	0.5242
2017	221	0.52805
2017	222	0.5319
2017	223	0.53575
2017	224	0.5396
2017	225	0.54345
2017	226	0.5473
2017	227	0.55115
2017	228	0.555
2017	229	0.55885
2017	230	0.5627
2017	231	0.56655
2017	232	0.5704
2017	233	0.5695
2017	234	0.5686
2017	235	0.5677
2017	236	0.5668
2017	237	0.5659
2017	238	0.565
2017	239	0.5641
2017	240	0.5632
2017	241	0.5623
2017	242	0.5614
2017	243	0.5605
2017	244	0.5596
2017	245	0.55639
2017	246	0.55318
2017	247	0.54997
2017	248	0.54676
2017	249	0.54355
2017	250	0.54034
2017	251	0.53713
2017	252	0.53392
2017	253	0.53071
2017	254	0.5275
2017	255	0.52429
2017	256	0.52108
2017	257	0.51787
2017	258	0.51466
2017	259	0.51145
2017	260	0.50824
2017	261	0.50503
2017	262	0.50182
2017	263	0.49861
2017	264	0.4954
2017	265	0.498733333333333
2017	266	0.502066666666667
2017	267	0.5054
2017	268	0.508733333333333
2017	269	0.512066666666667
2017	270	0.5154
2017	271	0.518733333333333
2017	272	0.522066666666667
2017	273	0.5254
2017	274	0.528733333333333
2017	275	0.532066666666667
2017	276	0.5354
2017	277	0.535742857142857
2017	278	0.536085714285714
2017	279	0.536428571428571
2017	280	0.536771428571429
2017	281	0.537114285714286
2017	282	0.537457142857143
2017	283	0.5378
2017	284	0.538142857142857
2017	285	0.538485714285714
2017	286	0.538828571428571
2017	287	0.539171428571429
2017	288	0.539514285714286
2017	289	0.539857142857143
2017	290	0.5402
2017	291	0.5358
2017	292	0.5314
2017	293	0.527
2017	294	0.5226
2017	295	0.5182
2017	296	0.5138
2017	297	0.5094
2017	298	0.505
2017	299	0.5006
2017	300	0.4962
2017	301	0.4918
2017	302	0.4874
2017	303	0.483
2017	304	0.4786
2017	305	0.4742
2017	306	0.4698
2017	307	0.469144
2017	308	0.468488
2017	309	0.467832
2017	310	0.467176
2017	311	0.46652
2017	312	0.465864
2017	313	0.465208
2017	314	0.464552
2017	315	0.463896
2017	316	0.46324
2017	317	0.462584
2017	318	0.461928
2017	319	0.461272
2017	320	0.460616
2017	321	0.45996
2017	322	0.459304
2017	323	0.458648
2017	324	0.457992
2017	325	0.457336
2017	326	0.45668
2017	327	0.456024
2017	328	0.455368
2017	329	0.454712
2017	330	0.454056
2017	331	0.4534
2017	332	0.453727272727273
2017	333	0.454054545454545
2017	334	0.454381818181818
2017	335	0.454709090909091
2017	336	0.455036363636364
2017	337	0.455363636363636
2017	338	0.455690909090909
2017	339	0.456018181818182
2017	340	0.456345454545455
2017	341	0.456672727272727
2017	342	0.457
2017	343	0.45465
2017	344	0.4523
2017	345	0.44995
2017	346	0.4476
2017	347	0.44525
2017	348	0.4429
2017	349	0.44055
2017	350	0.4382
2017	351	0.43585
2017	352	0.4335
2017	353	0.43115
2017	354	0.4288
2017	355	0.42816
2017	356	0.42752
2017	357	0.42688
2017	358	0.42624
2017	359	0.4256
2017	360	0.42496
2017	361	0.42432
2017	362	0.42368
2017	363	0.42304
2017	364	0.4224
2017	365	0.42176
2018	1	0.42112
2018	2	0.42048
2018	3	0.41984
2018	4	0.4192
2018	5	0.41856
2018	6	0.41792
2018	7	0.41728
2018	8	0.41664
2018	9	0.416
2018	10	0.41536
2018	11	0.41472
2018	12	0.41408
2018	13	0.41344
2018	14	0.4128
2018	15	0.408925
2018	16	0.40505
2018	17	0.401175
2018	18	0.3973
2018	19	0.393425
2018	20	0.38955
2018	21	0.385675
2018	22	0.3818
2018	23	0.377925
2018	24	0.37405
2018	25	0.370175
2018	26	0.3663
2018	27	0.362425
2018	28	0.35855
2018	29	0.354675
2018	30	0.3508
2018	31	0.351011111111111
2018	32	0.351222222222222
2018	33	0.351433333333333
2018	34	0.351644444444444
2018	35	0.351855555555556
2018	36	0.352066666666667
2018	37	0.352277777777778
2018	38	0.352488888888889
2018	39	0.3527
2018	40	0.352911111111111
2018	41	0.353122222222222
2018	42	0.353333333333333
2018	43	0.353544444444444
2018	44	0.353755555555556
2018	45	0.353966666666667
2018	46	0.354177777777778
2018	47	0.354388888888889
2018	48	0.3546
2018	49	0.352611111111111
2018	50	0.350622222222222
2018	51	0.348633333333333
2018	52	0.346644444444444
2018	53	0.344655555555556
2018	54	0.342666666666667
2018	55	0.340677777777778
2018	56	0.338688888888889
2018	57	0.3367
2018	58	0.338842857142857
2018	59	0.340985714285714
2018	60	0.343128571428571
2018	61	0.345271428571429
2018	62	0.347414285714286
2018	63	0.349557142857143
2018	64	0.3517
2018	65	0.353842857142857
2018	66	0.355985714285714
2018	67	0.358128571428571
2018	68	0.360271428571429
2018	69	0.362414285714286
2018	70	0.364557142857143
2018	71	0.3667
2018	72	0.368842857142857
2018	73	0.370985714285714
2018	74	0.373128571428571
2018	75	0.375271428571429
2018	76	0.377414285714286
2018	77	0.379557142857143
2018	78	0.3817
2018	79	0.38136875
2018	80	0.3810375
2018	81	0.38070625
2018	82	0.380375
2018	83	0.38004375
2018	84	0.3797125
2018	85	0.37938125
2018	86	0.37905
2018	87	0.37871875
2018	88	0.3783875
2018	89	0.37805625
2018	90	0.377725
2018	91	0.37739375
2018	92	0.3770625
2018	93	0.37673125
2018	94	0.3764
2018	95	0.376483333333333
2018	96	0.376566666666667
2018	97	0.37665
2018	98	0.376733333333333
2018	99	0.376816666666667
2018	100	0.3769
2018	101	0.376983333333333
2018	102	0.377066666666667
2018	103	0.37715
2018	104	0.377233333333333
2018	105	0.377316666666667
2018	106	0.3774
2018	107	0.377483333333333
2018	108	0.377566666666667
2018	109	0.37765
2018	110	0.377733333333333
2018	111	0.377816666666667
2018	112	0.3779
2018	113	0.380135714285714
2018	114	0.382371428571429
2018	115	0.384607142857143
2018	116	0.386842857142857
2018	117	0.389078571428571
2018	118	0.391314285714286
2018	119	0.39355
2018	120	0.395785714285714
2018	121	0.398021428571429
2018	122	0.400257142857143
2018	123	0.402492857142857
2018	124	0.404728571428571
2018	125	0.406964285714286
2018	126	0.4092
2018	127	0.408844444444444
2018	128	0.408488888888889
2018	129	0.408133333333333
2018	130	0.407777777777778
2018	131	0.407422222222222
2018	132	0.407066666666667
2018	133	0.406711111111111
2018	134	0.406355555555556
2018	135	0.406
2018	136	0.403727777777778
2018	137	0.401455555555556
2018	138	0.399183333333333
2018	139	0.396911111111111
2018	140	0.394638888888889
2018	141	0.392366666666667
2018	142	0.390094444444445
2018	143	0.387822222222222
2018	144	0.38555
2018	145	0.383277777777778
2018	146	0.381005555555556
2018	147	0.378733333333333
2018	148	0.376461111111111
2018	149	0.374188888888889
2018	150	0.371916666666667
2018	151	0.369644444444444
2018	152	0.367372222222222
2018	153	0.3651
2018	154	0.369745
2018	155	0.37439
2018	156	0.379035
2018	157	0.38368
2018	158	0.388325
2018	159	0.39297
2018	160	0.397615
2018	161	0.40226
2018	162	0.406905
2018	163	0.41155
2018	164	0.416195
2018	165	0.42084
2018	166	0.425485
2018	167	0.43013
2018	168	0.434775
2018	169	0.43942
2018	170	0.444065
2018	171	0.44871
2018	172	0.453355
2018	173	0.458
2018	174	0.45544
2018	175	0.45288
2018	176	0.45032
2018	177	0.44776
2018	178	0.4452
2018	179	0.44264
2018	180	0.44008
2018	181	0.43752
2018	182	0.43496
2018	183	0.4324
2018	184	0.432383333333333
2018	185	0.432366666666667
2018	186	0.43235
2018	187	0.432333333333333
2018	188	0.432316666666667
2018	189	0.4323
2018	190	0.432283333333333
2018	191	0.432266666666667
2018	192	0.43225
2018	193	0.432233333333333
2018	194	0.432216666666667
2018	195	0.4322
2018	196	0.432183333333333
2018	197	0.432166666666667
2018	198	0.43215
2018	199	0.432133333333333
2018	200	0.432116666666667
2018	201	0.4321
2018	202	0.42965
2018	203	0.4272
2018	204	0.42475
2018	205	0.4223
2018	206	0.41985
2018	207	0.4174
2018	208	0.41495
2018	209	0.4125
2018	210	0.41005
2018	211	0.4076
2018	212	0.40515
2018	213	0.4027
2018	214	0.40025
2018	215	0.3978
2018	216	0.39535
2018	217	0.3929
2018	218	0.39605652173913
2018	219	0.399213043478261
2018	220	0.402369565217391
2018	221	0.405526086956522
2018	222	0.408682608695652
2018	223	0.411839130434783
2018	224	0.414995652173913
2018	225	0.418152173913043
2018	226	0.421308695652174
2018	227	0.424465217391304
2018	228	0.427621739130435
2018	229	0.430778260869565
2018	230	0.433934782608696
2018	231	0.437091304347826
2018	232	0.440247826086957
2018	233	0.443404347826087
2018	234	0.446560869565217
2018	235	0.449717391304348
2018	236	0.452873913043478
2018	237	0.456030434782609
2018	238	0.459186956521739
2018	239	0.46234347826087
2018	240	0.4655
2018	241	0.4639
2018	242	0.4623
2018	243	0.465492857142857
2018	244	0.468685714285714
2018	245	0.471878571428571
2018	246	0.475071428571429
2018	247	0.478264285714286
2018	248	0.481457142857143
2018	249	0.48465
2018	250	0.487842857142857
2018	251	0.491035714285714
2018	252	0.494228571428571
2018	253	0.497421428571429
2018	254	0.500614285714286
2018	255	0.503807142857143
2018	256	0.507
2018	257	0.510192857142857
2018	258	0.513385714285714
2018	259	0.516578571428572
2018	260	0.519771428571429
2018	261	0.522964285714286
2018	262	0.526157142857143
2018	263	0.52935
2018	264	0.532542857142857
2018	265	0.535735714285714
2018	266	0.538928571428572
2018	267	0.542121428571429
2018	268	0.545314285714286
2018	269	0.548507142857143
2018	270	0.5517
2018	271	0.554838461538462
2018	272	0.557976923076923
2018	273	0.561115384615385
2018	274	0.564253846153846
2018	275	0.567392307692308
2018	276	0.570530769230769
2018	277	0.573669230769231
2018	278	0.576807692307692
2018	279	0.579946153846154
2018	280	0.583084615384615
2018	281	0.586223076923077
2018	282	0.589361538461538
2018	283	0.5925
2018	284	0.588476470588235
2018	285	0.584452941176471
2018	286	0.580429411764706
2018	287	0.576405882352941
2018	288	0.572382352941176
2018	289	0.568358823529412
2018	290	0.564335294117647
2018	291	0.560311764705882
2018	292	0.556288235294118
2018	293	0.552264705882353
2018	294	0.548241176470588
2018	295	0.544217647058824
2018	296	0.540194117647059
2018	297	0.536170588235294
2018	298	0.532147058823529
2018	299	0.528123529411765
2018	300	0.5241
2018	301	0.524711111111111
2018	302	0.525322222222222
2018	303	0.525933333333333
2018	304	0.526544444444444
2018	305	0.527155555555556
2018	306	0.527766666666667
2018	307	0.528377777777778
2018	308	0.528988888888889
2018	309	0.5296
2018	310	0.526627777777778
2018	311	0.523655555555556
2018	312	0.520683333333333
2018	313	0.517711111111111
2018	314	0.514738888888889
2018	315	0.511766666666667
2018	316	0.508794444444445
2018	317	0.505822222222222
2018	318	0.50285
2018	319	0.499877777777778
2018	320	0.496905555555556
2018	321	0.493933333333333
2018	322	0.490961111111111
2018	323	0.487988888888889
2018	324	0.485016666666667
2018	325	0.482044444444444
2018	326	0.479072222222222
2018	327	0.4761
2018	328	0.4740875
2018	329	0.472075
2018	330	0.4700625
2018	331	0.46805
2018	332	0.4660375
2018	333	0.464025
2018	334	0.4620125
2018	335	0.46
2018	336	0.4579875
2018	337	0.455975
2018	338	0.4539625
2018	339	0.45195
2018	340	0.4499375
2018	341	0.447925
2018	342	0.4459125
2018	343	0.4439
2018	344	0.441326666666667
2018	345	0.438753333333333
2018	346	0.43618
2018	347	0.433606666666667
2018	348	0.431033333333333
2018	349	0.42846
2018	350	0.425886666666667
2018	351	0.423313333333333
2018	352	0.42074
2018	353	0.418166666666667
2018	354	0.415593333333333
2018	355	0.41302
2018	356	0.410446666666667
2018	357	0.407873333333333
2018	358	0.4053
2018	359	0.402726666666667
2018	360	0.400153333333333
2018	361	0.39758
2018	362	0.395006666666667
2018	363	0.392433333333333
2018	364	0.38986
2018	365	0.387286666666667
2019	1	0.384713333333333
2019	2	0.38214
2019	3	0.379566666666667
2019	4	0.376993333333333
2019	5	0.37442
2019	6	0.371846666666667
2019	7	0.369273333333333
2019	8	0.3667
2019	9	0.368027777777778
2019	10	0.369355555555556
2019	11	0.370683333333333
2019	12	0.372011111111111
2019	13	0.373338888888889
2019	14	0.374666666666667
2019	15	0.375994444444445
2019	16	0.377322222222222
2019	17	0.37865
2019	18	0.379977777777778
2019	19	0.381305555555556
2019	20	0.382633333333333
2019	21	0.383961111111111
2019	22	0.385288888888889
2019	23	0.386616666666667
2019	24	0.387944444444444
2019	25	0.389272222222222
2019	26	0.3906
2019	27	0.388191666666667
2019	28	0.385783333333333
2019	29	0.383375
2019	30	0.380966666666667
2019	31	0.378558333333333
2019	32	0.37615
2019	33	0.373741666666667
2019	34	0.371333333333333
2019	35	0.368925
2019	36	0.366516666666667
2019	37	0.364108333333333
2019	38	0.3617
2019	39	0.362066666666667
2019	40	0.362433333333333
2019	41	0.3628
2019	42	0.363166666666667
2019	43	0.363533333333333
2019	44	0.3639
2019	45	0.364266666666667
2019	46	0.364633333333333
2019	47	0.365
2019	48	0.365366666666667
2019	49	0.365733333333333
2019	50	0.3661
2019	51	0.366466666666667
2019	52	0.366833333333333
2019	53	0.3672
2019	54	0.367566666666667
2019	55	0.367933333333333
2019	56	0.3683
2019	57	0.37065625
2019	58	0.3730125
2019	59	0.37536875
2019	60	0.377725
2019	61	0.38008125
2019	62	0.3824375
2019	63	0.38479375
2019	64	0.38715
2019	65	0.38950625
2019	66	0.3918625
2019	67	0.39421875
2019	68	0.396575
2019	69	0.39893125
2019	70	0.4012875
2019	71	0.40364375
2019	72	0.406
2019	73	0.406633333333333
2019	74	0.407266666666667
2019	75	0.4079
2019	76	0.408533333333333
2019	77	0.409166666666667
2019	78	0.4098
2019	79	0.410433333333333
2019	80	0.411066666666667
2019	81	0.4117
2019	82	0.412333333333333
2019	83	0.412966666666667
2019	84	0.4136
2019	85	0.414233333333333
2019	86	0.414866666666667
2019	87	0.4155
2019	88	0.416133333333333
2019	89	0.416766666666667
2019	90	0.4174
2019	91	0.422788888888889
2019	92	0.428177777777778
2019	93	0.433566666666667
2019	94	0.438955555555556
2019	95	0.444344444444444
2019	96	0.449733333333333
2019	97	0.455122222222222
2019	98	0.460511111111111
2019	99	0.4659
2019	100	0.471288888888889
2019	101	0.476677777777778
2019	102	0.482066666666667
2019	103	0.487455555555556
2019	104	0.492844444444444
2019	105	0.498233333333333
2019	106	0.503622222222222
2019	107	0.509011111111111
2019	108	0.5144
2019	109	0.520328571428571
2019	110	0.526257142857143
2019	111	0.532185714285714
2019	112	0.538114285714286
2019	113	0.544042857142857
2019	114	0.549971428571429
2019	115	0.5559
2019	116	0.558703846153846
2019	117	0.561507692307692
2019	118	0.564311538461538
2019	119	0.567115384615385
2019	120	0.569919230769231
2019	121	0.572723076923077
2019	122	0.575526923076923
2019	123	0.578330769230769
2019	124	0.581134615384615
2019	125	0.583938461538462
2019	126	0.586742307692308
2019	127	0.589546153846154
2019	128	0.59235
2019	129	0.595153846153846
2019	130	0.597957692307692
2019	131	0.600761538461539
2019	132	0.603565384615385
2019	133	0.606369230769231
2019	134	0.609173076923077
2019	135	0.611976923076923
2019	136	0.614780769230769
2019	137	0.617584615384615
2019	138	0.620388461538462
2019	139	0.623192307692308
2019	140	0.625996153846154
2019	141	0.6288
2019	142	0.624713333333333
2019	143	0.620626666666667
2019	144	0.61654
2019	145	0.612453333333333
2019	146	0.608366666666667
2019	147	0.60428
2019	148	0.600193333333333
2019	149	0.596106666666667
2019	150	0.59202
2019	151	0.587933333333333
2019	152	0.583846666666667
2019	153	0.57976
2019	154	0.575673333333333
2019	155	0.571586666666667
2019	156	0.5675
2019	157	0.56945
2019	158	0.5714
2019	159	0.57335
2019	160	0.5753
2019	161	0.57725
2019	162	0.5792
2019	163	0.58115
2019	164	0.5831
2019	165	0.58505
2019	166	0.587
2019	167	0.5890875
2019	168	0.591175
2019	169	0.5932625
2019	170	0.59535
2019	171	0.5974375
2019	172	0.599525
2019	173	0.6016125
2019	174	0.6037
2019	175	0.6057875
2019	176	0.607875
2019	177	0.6099625
2019	178	0.61205
2019	179	0.6141375
2019	180	0.616225
2019	181	0.6183125
2019	182	0.6204
2019	183	0.61626
2019	184	0.61212
2019	185	0.60798
2019	186	0.60384
2019	187	0.5997
2019	188	0.59556
2019	189	0.59142
2019	190	0.58728
2019	191	0.58314
2019	192	0.579
2019	193	0.57486
2019	194	0.57072
2019	195	0.56658
2019	196	0.56244
2019	197	0.5583
2019	198	0.553271428571429
2019	199	0.548242857142857
2019	200	0.543214285714286
2019	201	0.538185714285714
2019	202	0.533157142857143
2019	203	0.528128571428571
2019	204	0.5231
2019	205	0.518071428571429
2019	206	0.513042857142857
2019	207	0.508014285714286
2019	208	0.502985714285714
2019	209	0.497957142857143
2019	210	0.492928571428571
2019	211	0.4879
2019	212	0.4837
2019	213	0.4795
2019	214	0.4753
2019	215	0.4711
2019	216	0.4669
2019	217	0.4627
2019	218	0.4585
2019	219	0.4543
2019	220	0.4501
2019	221	0.4459
2019	222	0.4417
2019	223	0.4375
2019	224	0.4333
2019	225	0.4291
2019	226	0.4249
2019	227	0.4207
2019	228	0.4165
2019	229	0.4123
2019	230	0.4081
2019	231	0.4039
2019	232	0.3997
2019	233	0.3955
2019	234	0.3913
2019	235	0.395819047619048
2019	236	0.400338095238095
2019	237	0.404857142857143
2019	238	0.409376190476191
2019	239	0.413895238095238
2019	240	0.418414285714286
2019	241	0.422933333333333
2019	242	0.427452380952381
2019	243	0.431971428571429
2019	244	0.436490476190476
2019	245	0.441009523809524
2019	246	0.445528571428571
2019	247	0.450047619047619
2019	248	0.454566666666667
2019	249	0.459085714285714
2019	250	0.463604761904762
2019	251	0.46812380952381
2019	252	0.472642857142857
2019	253	0.477161904761905
2019	254	0.481680952380952
2019	255	0.4862
2019	256	0.47975
2019	257	0.4733
2019	258	0.46685
2019	259	0.4604
2019	260	0.45395
2019	261	0.4475
2019	262	0.447607142857143
2019	263	0.447714285714286
2019	264	0.447821428571429
2019	265	0.447928571428571
2019	266	0.448035714285714
2019	267	0.448142857142857
2019	268	0.44825
2019	269	0.448357142857143
2019	270	0.448464285714286
2019	271	0.448571428571429
2019	272	0.448678571428571
2019	273	0.448785714285714
2019	274	0.448892857142857
2019	275	0.449
2019	276	0.4498875
2019	277	0.450775
2019	278	0.4516625
2019	279	0.45255
2019	280	0.4534375
2019	281	0.454325
2019	282	0.4552125
2019	283	0.4561
2019	284	0.4569875
2019	285	0.457875
2019	286	0.4587625
2019	287	0.45965
2019	288	0.4605375
2019	289	0.461425
2019	290	0.4623125
2019	291	0.4632
2019	292	0.463439285714286
2019	293	0.463678571428571
2019	294	0.463917857142857
2019	295	0.464157142857143
2019	296	0.464396428571429
2019	297	0.464635714285714
2019	298	0.464875
2019	299	0.465114285714286
2019	300	0.465353571428571
2019	301	0.465592857142857
2019	302	0.465832142857143
2019	303	0.466071428571429
2019	304	0.466310714285714
2019	305	0.46655
2019	306	0.466789285714286
2019	307	0.467028571428571
2019	308	0.467267857142857
2019	309	0.467507142857143
2019	310	0.467746428571429
2019	311	0.467985714285714
2019	312	0.468225
2019	313	0.468464285714286
2019	314	0.468703571428571
2019	315	0.468942857142857
2019	316	0.469182142857143
2019	317	0.469421428571429
2019	318	0.469660714285714
2019	319	0.4699
2019	320	0.46405
2019	321	0.4582
2019	322	0.45235
2019	323	0.4465
2019	324	0.438671428571429
2019	325	0.430842857142857
2019	326	0.423014285714286
2019	327	0.415185714285714
2019	328	0.407357142857143
2019	329	0.399528571428571
2019	330	0.3917
2019	331	0.383871428571429
2019	332	0.376042857142857
2019	333	0.368214285714286
2019	334	0.360385714285714
2019	335	0.352557142857143
2019	336	0.344728571428571
2019	337	0.3369
2019	338	0.337759259259259
2019	339	0.338618518518519
2019	340	0.339477777777778
2019	341	0.340337037037037
2019	342	0.341196296296296
2019	343	0.342055555555556
2019	344	0.342914814814815
2019	345	0.343774074074074
2019	346	0.344633333333333
2019	347	0.345492592592593
2019	348	0.346351851851852
2019	349	0.347211111111111
2019	350	0.34807037037037
2019	351	0.34892962962963
2019	352	0.349788888888889
2019	353	0.350648148148148
2019	354	0.351507407407407
2019	355	0.352366666666667
2019	356	0.353225925925926
2019	357	0.354085185185185
2019	358	0.354944444444445
2019	359	0.355803703703704
2019	360	0.356662962962963
2019	361	0.357522222222222
2019	362	0.358381481481482
2019	363	0.359240740740741
2019	364	0.3601
2019	365	0.368066666666667
2020	1	0.376033333333333
2020	2	0.384
2020	3	0.391966666666667
2020	4	0.399933333333333
2020	5	0.4079
2020	6	0.415866666666667
2020	7	0.423833333333333
2020	8	0.4318
2020	9	0.439766666666667
2020	10	0.447733333333333
2020	11	0.4557
2020	12	0.455007692307692
2020	13	0.454315384615385
2020	14	0.453623076923077
2020	15	0.452930769230769
2020	16	0.452238461538462
2020	17	0.451546153846154
2020	18	0.450853846153846
2020	19	0.450161538461539
2020	20	0.449469230769231
2020	21	0.448776923076923
2020	22	0.448084615384615
2020	23	0.447392307692308
2020	24	0.4467
2020	25	0.446409523809524
2020	26	0.446119047619048
2020	27	0.445828571428571
2020	28	0.445538095238095
2020	29	0.445247619047619
2020	30	0.444957142857143
2020	31	0.444666666666667
2020	32	0.44437619047619
2020	33	0.444085714285714
2020	34	0.443795238095238
2020	35	0.443504761904762
2020	36	0.443214285714286
2020	37	0.44292380952381
2020	38	0.442633333333333
2020	39	0.442342857142857
2020	40	0.442052380952381
2020	41	0.441761904761905
2020	42	0.441471428571429
2020	43	0.441180952380952
2020	44	0.440890476190476
2020	45	0.4406
2020	46	0.436214285714286
2020	47	0.431828571428572
2020	48	0.427442857142857
2020	49	0.423057142857143
2020	50	0.418671428571429
2020	51	0.414285714285714
2020	52	0.4099
2020	53	0.405514285714286
2020	54	0.401128571428572
2020	55	0.396742857142857
2020	56	0.392357142857143
2020	57	0.387971428571429
2020	58	0.383585714285714
2020	59	0.3792
2020	60	0.3818
2020	61	0.3844
2020	62	0.387
2020	63	0.3896
2020	64	0.3922
2020	65	0.3948
2020	66	0.3974
2020	67	0.40125
2020	68	0.4051
2020	69	0.40895
2020	70	0.4128
2020	71	0.41665
2020	72	0.4205
2020	73	0.42435
2020	74	0.4282
2020	75	0.43205
2020	76	0.4359
2020	77	0.43975
2020	78	0.4436
2020	79	0.44745
2020	80	0.4513
2020	81	0.45515
2020	82	0.459
2020	83	0.46285
2020	84	0.4667
2020	85	0.47055
2020	86	0.4744
2020	87	0.479222222222222
2020	88	0.484044444444444
2020	89	0.488866666666667
2020	90	0.493688888888889
2020	91	0.498511111111111
2020	92	0.503333333333333
2020	93	0.508155555555556
2020	94	0.512977777777778
2020	95	0.5178
2020	96	0.522622222222222
2020	97	0.527444444444444
2020	98	0.532266666666667
2020	99	0.537088888888889
2020	100	0.541911111111111
2020	101	0.546733333333333
2020	102	0.551555555555556
2020	103	0.556377777777778
2020	104	0.5612
2020	105	0.559380952380952
2020	106	0.557561904761905
2020	107	0.555742857142857
2020	108	0.55392380952381
2020	109	0.552104761904762
2020	110	0.550285714285714
2020	111	0.548466666666667
2020	112	0.546647619047619
2020	113	0.544828571428571
2020	114	0.543009523809524
2020	115	0.541190476190476
2020	116	0.539371428571429
2020	117	0.537552380952381
2020	118	0.535733333333333
2020	119	0.533914285714286
2020	120	0.532095238095238
2020	121	0.530276190476191
2020	122	0.528457142857143
2020	123	0.526638095238095
2020	124	0.524819047619048
2020	125	0.523
2020	126	0.53022
2020	127	0.53744
2020	128	0.54466
2020	129	0.55188
2020	130	0.5591
2020	131	0.555681481481482
2020	132	0.552262962962963
2020	133	0.548844444444444
2020	134	0.545425925925926
2020	135	0.542007407407407
2020	136	0.538588888888889
2020	137	0.53517037037037
2020	138	0.531751851851852
2020	139	0.528333333333333
2020	140	0.524914814814815
2020	141	0.521496296296296
2020	142	0.518077777777778
2020	143	0.514659259259259
2020	144	0.511240740740741
2020	145	0.507822222222222
2020	146	0.504403703703704
2020	147	0.500985185185185
2020	148	0.497566666666667
2020	149	0.494148148148148
2020	150	0.49072962962963
2020	151	0.487311111111111
2020	152	0.483892592592593
2020	153	0.480474074074074
2020	154	0.477055555555556
2020	155	0.473637037037037
2020	156	0.470218518518519
2020	157	0.4668
2020	158	0.4571
2020	159	0.4474
2020	160	0.4377
2020	161	0.428
2020	162	0.4183
2020	163	0.4086
2020	164	0.3989
2020	165	0.3892
2020	166	0.3795
2020	167	0.386829411764706
2020	168	0.394158823529412
2020	169	0.401488235294118
2020	170	0.408817647058824
2020	171	0.416147058823529
2020	172	0.423476470588235
2020	173	0.430805882352941
2020	174	0.438135294117647
2020	175	0.445464705882353
2020	176	0.452794117647059
2020	177	0.460123529411765
2020	178	0.467452941176471
2020	179	0.474782352941176
2020	180	0.482111764705882
2020	181	0.489441176470588
2020	182	0.496770588235294
2020	183	0.5041
2020	184	0.497573333333333
2020	185	0.491046666666667
2020	186	0.48452
2020	187	0.477993333333333
2020	188	0.471466666666667
2020	189	0.46494
2020	190	0.458413333333333
2020	191	0.451886666666667
2020	192	0.44536
2020	193	0.438833333333333
2020	194	0.432306666666667
2020	195	0.42578
2020	196	0.419253333333333
2020	197	0.412726666666667
2020	198	0.4062
2020	199	0.403368
2020	200	0.400536
2020	201	0.397704
2020	202	0.394872
2020	203	0.39204
2020	204	0.389208
2020	205	0.386376
2020	206	0.383544
2020	207	0.380712
2020	208	0.37788
2020	209	0.375048
2020	210	0.372216
2020	211	0.369384
2020	212	0.366552
2020	213	0.36372
2020	214	0.360888
2020	215	0.358056
2020	216	0.355224
2020	217	0.352392
2020	218	0.34956
2020	219	0.346728
2020	220	0.343896
2020	221	0.341064
2020	222	0.338232
2020	223	0.3354
2020	224	0.346033333333333
2020	225	0.356666666666667
2020	226	0.3673
2020	227	0.377933333333333
2020	228	0.388566666666667
2020	229	0.3992
2020	230	0.409833333333333
2020	231	0.420466666666667
2020	232	0.4311
2020	233	0.42314
2020	234	0.41518
2020	235	0.40722
2020	236	0.39926
2020	237	0.3913
2020	238	0.38334
2020	239	0.37538
2020	240	0.36742
2020	241	0.35946
2020	242	0.3515
2020	243	0.35327037037037
2020	244	0.355040740740741
2020	245	0.356811111111111
2020	246	0.358581481481482
2020	247	0.360351851851852
2020	248	0.362122222222222
2020	249	0.363892592592593
2020	250	0.365662962962963
2020	251	0.367433333333333
2020	252	0.369203703703704
2020	253	0.370974074074074
2020	254	0.372744444444444
2020	255	0.374514814814815
2020	256	0.376285185185185
2020	257	0.378055555555556
2020	258	0.379825925925926
2020	259	0.381596296296296
2020	260	0.383366666666667
2020	261	0.385137037037037
2020	262	0.386907407407407
2020	263	0.388677777777778
2020	264	0.390448148148148
2020	265	0.392218518518519
2020	266	0.393988888888889
2020	267	0.395759259259259
2020	268	0.39752962962963
2020	269	0.3993
2020	270	0.40166875
2020	271	0.4040375
2020	272	0.40640625
2020	273	0.408775
2020	274	0.41114375
2020	275	0.4135125
2020	276	0.41588125
2020	277	0.41825
2020	278	0.42061875
2020	279	0.4229875
2020	280	0.42535625
2020	281	0.427725
2020	282	0.43009375
2020	283	0.4324625
2020	284	0.43483125
2020	285	0.4372
2020	286	0.440514285714286
2020	287	0.443828571428571
2020	288	0.447142857142857
2020	289	0.450457142857143
2020	290	0.453771428571429
2020	291	0.457085714285714
2020	292	0.4604
2020	293	0.460268
2020	294	0.460136
2020	295	0.460004
2020	296	0.459872
2020	297	0.45974
2020	298	0.459608
2020	299	0.459476
2020	300	0.459344
2020	301	0.459212
2020	302	0.45908
2020	303	0.458948
2020	304	0.458816
2020	305	0.458684
2020	306	0.458552
2020	307	0.45842
2020	308	0.458288
2020	309	0.458156
2020	310	0.458024
2020	311	0.457892
2020	312	0.45776
2020	313	0.457628
2020	314	0.457496
2020	315	0.457364
2020	316	0.457232
2020	317	0.4571
2020	318	0.458322222222222
2020	319	0.459544444444444
2020	320	0.460766666666667
2020	321	0.461988888888889
2020	322	0.463211111111111
2020	323	0.464433333333333
2020	324	0.465655555555556
2020	325	0.466877777777778
2020	326	0.4681
2020	327	0.469322222222222
2020	328	0.470544444444444
2020	329	0.471766666666667
2020	330	0.472988888888889
2020	331	0.474211111111111
2020	332	0.475433333333333
2020	333	0.476655555555556
2020	334	0.477877777777778
2020	335	0.4791
2020	336	0.476942857142857
2020	337	0.474785714285714
2020	338	0.472628571428571
2020	339	0.470471428571429
2020	340	0.468314285714286
2020	341	0.466157142857143
2020	342	0.464
2020	343	0.461842857142857
2020	344	0.459685714285714
2020	345	0.457528571428571
2020	346	0.455371428571429
2020	347	0.453214285714286
2020	348	0.451057142857143
2020	349	0.4489
2020	350	0.431928571428571
2020	351	0.414957142857143
2020	352	0.397985714285714
2020	353	0.381014285714286
2020	354	0.364042857142857
2020	355	0.347071428571429
2020	356	0.3301
2020	357	0.333036
2020	358	0.335972
2020	359	0.338908
2020	360	0.341844
2020	361	0.34478
2020	362	0.347716
2020	363	0.350652
2020	364	0.353588
2020	365	0.356524
2020	366	0.35946
