2016	1	0.233422222222222
2016	2	0.232040740740741
2016	3	0.230659259259259
2016	4	0.229277777777778
2016	5	0.227896296296296
2016	6	0.226514814814815
2016	7	0.225133333333333
2016	8	0.223751851851852
2016	9	0.22237037037037
2016	10	0.220988888888889
2016	11	0.219607407407407
2016	12	0.218225925925926
2016	13	0.216844444444444
2016	14	0.215462962962963
2016	15	0.214081481481481
2016	16	0.2127
2016	17	0.211578571428571
2016	18	0.210457142857143
2016	19	0.209335714285714
2016	20	0.208214285714286
2016	21	0.207092857142857
2016	22	0.205971428571429
2016	23	0.20485
2016	24	0.203728571428571
2016	25	0.202607142857143
2016	26	0.201485714285714
2016	27	0.200364285714286
2016	28	0.199242857142857
2016	29	0.198121428571429
2016	30	0.197
2016	31	0.199422222222222
2016	32	0.201844444444444
2016	33	0.204266666666667
2016	34	0.206688888888889
2016	35	0.209111111111111
2016	36	0.211533333333333
2016	37	0.213955555555556
2016	38	0.216377777777778
2016	39	0.2188
2016	40	0.219117391304348
2016	41	0.219434782608696
2016	42	0.219752173913043
2016	43	0.220069565217391
2016	44	0.220386956521739
2016	45	0.220704347826087
2016	46	0.221021739130435
2016	47	0.221339130434783
2016	48	0.22165652173913
2016	49	0.221973913043478
2016	50	0.222291304347826
2016	51	0.222608695652174
2016	52	0.222926086956522
2016	53	0.22324347826087
2016	54	0.223560869565217
2016	55	0.223878260869565
2016	56	0.224195652173913
2016	57	0.224513043478261
2016	58	0.224830434782609
2016	59	0.225147826086957
2016	60	0.225465217391304
2016	61	0.225782608695652
2016	62	0.2261
2016	63	0.225377777777778
2016	64	0.224655555555556
2016	65	0.223933333333333
2016	66	0.223211111111111
2016	67	0.222488888888889
2016	68	0.221766666666667
2016	69	0.221044444444444
2016	70	0.220322222222222
2016	71	0.2196
2016	72	0.220504347826087
2016	73	0.221408695652174
2016	74	0.222313043478261
2016	75	0.223217391304348
2016	76	0.224121739130435
2016	77	0.225026086956522
2016	78	0.225930434782609
2016	79	0.226834782608696
2016	80	0.227739130434783
2016	81	0.22864347826087
2016	82	0.229547826086957
2016	83	0.230452173913044
2016	84	0.23135652173913
2016	85	0.232260869565217
2016	86	0.233165217391304
2016	87	0.234069565217391
2016	88	0.234973913043478
2016	89	0.235878260869565
2016	90	0.236782608695652
2016	91	0.237686956521739
2016	92	0.238591304347826
2016	93	0.239495652173913
2016	94	0.2404
2016	95	0.240125
2016	96	0.23985
2016	97	0.239575
2016	98	0.2393
2016	99	0.246394117647059
2016	100	0.253488235294118
2016	101	0.260582352941176
2016	102	0.267676470588235
2016	103	0.274770588235294
2016	104	0.281864705882353
2016	105	0.288958823529412
2016	106	0.296052941176471
2016	107	0.303147058823529
2016	108	0.310241176470588
2016	109	0.317335294117647
2016	110	0.324429411764706
2016	111	0.331523529411765
2016	112	0.338617647058824
2016	113	0.345711764705882
2016	114	0.352805882352941
2016	115	0.3599
2016	116	0.362933333333333
2016	117	0.365966666666667
2016	118	0.369
2016	119	0.372033333333333
2016	120	0.375066666666667
2016	121	0.3781
2016	122	0.381133333333333
2016	123	0.384166666666667
2016	124	0.3872
2016	125	0.390233333333333
2016	126	0.393266666666667
2016	127	0.3963
2016	128	0.399333333333333
2016	129	0.402366666666667
2016	130	0.4054
2016	131	0.408433333333333
2016	132	0.411466666666667
2016	133	0.4145
2016	134	0.411681481481482
2016	135	0.408862962962963
2016	136	0.406044444444444
2016	137	0.403225925925926
2016	138	0.400407407407407
2016	139	0.397588888888889
2016	140	0.39477037037037
2016	141	0.391951851851852
2016	142	0.389133333333333
2016	143	0.386314814814815
2016	144	0.383496296296296
2016	145	0.380677777777778
2016	146	0.377859259259259
2016	147	0.375040740740741
2016	148	0.372222222222222
2016	149	0.369403703703704
2016	150	0.366585185185185
2016	151	0.363766666666667
2016	152	0.360948148148148
2016	153	0.35812962962963
2016	154	0.355311111111111
2016	155	0.352492592592593
2016	156	0.349674074074074
2016	157	0.346855555555556
2016	158	0.344037037037037
2016	159	0.341218518518519
2016	160	0.3384
2016	161	0.331428571428571
2016	162	0.324457142857143
2016	163	0.317485714285714
2016	164	0.310514285714286
2016	165	0.303542857142857
2016	166	0.296571428571429
2016	167	0.2896
2016	168	0.287173913043478
2016	169	0.284747826086957
2016	170	0.282321739130435
2016	171	0.279895652173913
2016	172	0.277469565217391
2016	173	0.27504347826087
2016	174	0.272617391304348
2016	175	0.270191304347826
2016	176	0.267765217391304
2016	177	0.265339130434783
2016	178	0.262913043478261
2016	179	0.260486956521739
2016	180	0.258060869565217
2016	181	0.255634782608696
2016	182	0.253208695652174
2016	183	0.250782608695652
2016	184	0.24835652173913
2016	185	0.245930434782609
2016	186	0.243504347826087
2016	187	0.241078260869565
2016	188	0.238652173913043
2016	189	0.236226086956522
2016	190	0.2338
2016	191	0.231611111111111
2016	192	0.229422222222222
2016	193	0.227233333333333
2016	194	0.225044444444444
2016	195	0.222855555555556
2016	196	0.220666666666667
2016	197	0.218477777777778
2016	198	0.216288888888889
2016	199	0.2141
2016	200	0.212569565217391
2016	201	0.211039130434783
2016	202	0.209508695652174
2016	203	0.207978260869565
2016	204	0.206447826086957
2016	205	0.204917391304348
2016	206	0.203386956521739
2016	207	0.20185652173913
2016	208	0.200326086956522
2016	209	0.198795652173913
2016	210	0.197265217391304
2016	211	0.195734782608696
2016	212	0.194204347826087
2016	213	0.192673913043478
2016	214	0.19114347826087
2016	215	0.189613043478261
2016	216	0.188082608695652
2016	217	0.186552173913043
2016	218	0.185021739130435
2016	219	0.183491304347826
2016	220	0.181960869565217
2016	221	0.180430434782609
2016	222	0.1789
2016	223	0.179422222222222
2016	224	0.179944444444444
2016	225	0.180466666666667
2016	226	0.180988888888889
2016	227	0.181511111111111
2016	228	0.182033333333333
2016	229	0.182555555555556
2016	230	0.183077777777778
2016	231	0.1836
2016	232	0.18503125
2016	233	0.1864625
2016	234	0.18789375
2016	235	0.189325
2016	236	0.19075625
2016	237	0.1921875
2016	238	0.19361875
2016	239	0.19505
2016	240	0.19648125
2016	241	0.1979125
2016	242	0.19934375
2016	243	0.200775
2016	244	0.20220625
2016	245	0.2036375
2016	246	0.20506875
2016	247	0.2065
2016	248	0.20620625
2016	249	0.2059125
2016	250	0.20561875
2016	251	0.205325
2016	252	0.20503125
2016	253	0.2047375
2016	254	0.20444375
2016	255	0.20415
2016	256	0.20385625
2016	257	0.2035625
2016	258	0.20326875
2016	259	0.202975
2016	260	0.20268125
2016	261	0.2023875
2016	262	0.20209375
2016	263	0.2018
2016	264	0.20133125
2016	265	0.2008625
2016	266	0.20039375
2016	267	0.199925
2016	268	0.19945625
2016	269	0.1989875
2016	270	0.19851875
2016	271	0.19805
2016	272	0.19758125
2016	273	0.1971125
2016	274	0.19664375
2016	275	0.196175
2016	276	0.19570625
2016	277	0.1952375
2016	278	0.19476875
2016	279	0.1943
2016	280	0.193375
2016	281	0.19245
2016	282	0.191525
2016	283	0.1906
2016	284	0.189675
2016	285	0.18875
2016	286	0.187825
2016	287	0.1869
2016	288	0.185975
2016	289	0.18505
2016	290	0.184125
2016	291	0.1832
2016	292	0.182275
2016	293	0.18135
2016	294	0.180425
2016	295	0.1795
2016	296	0.1802625
2016	297	0.181025
2016	298	0.1817875
2016	299	0.18255
2016	300	0.1833125
2016	301	0.184075
2016	302	0.1848375
2016	303	0.1856
2016	304	0.1863625
2016	305	0.187125
2016	306	0.1878875
2016	307	0.18865
2016	308	0.1894125
2016	309	0.190175
2016	310	0.1909375
2016	311	0.1917
2016	312	0.190495652173913
2016	313	0.189291304347826
2016	314	0.188086956521739
2016	315	0.186882608695652
2016	316	0.185678260869565
2016	317	0.184473913043478
2016	318	0.183269565217391
2016	319	0.182065217391304
2016	320	0.180860869565217
2016	321	0.17965652173913
2016	322	0.178452173913043
2016	323	0.177247826086957
2016	324	0.17604347826087
2016	325	0.174839130434783
2016	326	0.173634782608696
2016	327	0.172430434782609
2016	328	0.171226086956522
2016	329	0.170021739130435
2016	330	0.168817391304348
2016	331	0.167613043478261
2016	332	0.166408695652174
2016	333	0.165204347826087
2016	334	0.164
2016	335	0.165377777777778
2016	336	0.166755555555556
2016	337	0.168133333333333
2016	338	0.169511111111111
2016	339	0.170888888888889
2016	340	0.172266666666667
2016	341	0.173644444444444
2016	342	0.175022222222222
2016	343	0.1764
2016	344	0.175921739130435
2016	345	0.17544347826087
2016	346	0.174965217391304
2016	347	0.174486956521739
2016	348	0.174008695652174
2016	349	0.173530434782609
2016	350	0.173052173913043
2016	351	0.172573913043478
2016	352	0.172095652173913
2016	353	0.171617391304348
2016	354	0.171139130434783
2016	355	0.170660869565217
2016	356	0.170182608695652
2016	357	0.169704347826087
2016	358	0.169226086956522
2016	359	0.168747826086957
2016	360	0.168269565217391
2016	361	0.167791304347826
2016	362	0.167313043478261
2016	363	0.166834782608696
2016	364	0.16635652173913
2016	365	0.165878260869565
2016	366	0.1654
2017	1	0.166518181818182
2017	2	0.167636363636364
2017	3	0.168754545454545
2017	4	0.169872727272727
2017	5	0.170990909090909
2017	6	0.172109090909091
2017	7	0.173227272727273
2017	8	0.174345454545455
2017	9	0.175463636363636
2017	10	0.176581818181818
2017	11	0.1777
2017	12	0.1769
2017	13	0.1761
2017	14	0.1753
2017	15	0.1745
2017	16	0.1737
2017	17	0.1729
2017	18	0.1721
2017	19	0.1713
2017	20	0.1705
2017	21	0.1697
2017	22	0.1689
2017	23	0.1681
2017	24	0.1673
2017	25	0.1665
2017	26	0.1657
2017	27	0.1649
2017	28	0.1641
2017	29	0.1633
2017	30	0.1625
2017	31	0.162022222222222
2017	32	0.161544444444444
2017	33	0.161066666666667
2017	34	0.160588888888889
2017	35	0.160111111111111
2017	36	0.159633333333333
2017	37	0.159155555555556
2017	38	0.158677777777778
2017	39	0.1582
2017	40	0.157722222222222
2017	41	0.157244444444444
2017	42	0.156766666666667
2017	43	0.156288888888889
2017	44	0.155811111111111
2017	45	0.155333333333333
2017	46	0.154855555555556
2017	47	0.154377777777778
2017	48	0.1539
2017	49	0.154977777777778
2017	50	0.156055555555556
2017	51	0.157133333333333
2017	52	0.158211111111111
2017	53	0.159288888888889
2017	54	0.160366666666667
2017	55	0.161444444444444
2017	56	0.162522222222222
2017	57	0.1636
2017	58	0.163455555555556
2017	59	0.163311111111111
2017	60	0.163166666666667
2017	61	0.163022222222222
2017	62	0.162877777777778
2017	63	0.162733333333333
2017	64	0.162588888888889
2017	65	0.162444444444444
2017	66	0.1623
2017	67	0.163669565217391
2017	68	0.165039130434783
2017	69	0.166408695652174
2017	70	0.167778260869565
2017	71	0.169147826086957
2017	72	0.170517391304348
2017	73	0.171886956521739
2017	74	0.17325652173913
2017	75	0.174626086956522
2017	76	0.175995652173913
2017	77	0.177365217391304
2017	78	0.178734782608696
2017	79	0.180104347826087
2017	80	0.181473913043478
2017	81	0.18284347826087
2017	82	0.184213043478261
2017	83	0.185582608695652
2017	84	0.186952173913043
2017	85	0.188321739130435
2017	86	0.189691304347826
2017	87	0.191060869565217
2017	88	0.192430434782609
2017	89	0.1938
2017	90	0.194142857142857
2017	91	0.194485714285714
2017	92	0.194828571428571
2017	93	0.195171428571429
2017	94	0.195514285714286
2017	95	0.195857142857143
2017	96	0.1962
2017	97	0.196542857142857
2017	98	0.196885714285714
2017	99	0.197228571428571
2017	100	0.197571428571429
2017	101	0.197914285714286
2017	102	0.198257142857143
2017	103	0.1986
2017	104	0.202817391304348
2017	105	0.207034782608696
2017	106	0.211252173913043
2017	107	0.215469565217391
2017	108	0.219686956521739
2017	109	0.223904347826087
2017	110	0.228121739130435
2017	111	0.232339130434783
2017	112	0.23655652173913
2017	113	0.240773913043478
2017	114	0.244991304347826
2017	115	0.249208695652174
2017	116	0.253426086956522
2017	117	0.25764347826087
2017	118	0.261860869565217
2017	119	0.266078260869565
2017	120	0.270295652173913
2017	121	0.274513043478261
2017	122	0.278730434782609
2017	123	0.282947826086957
2017	124	0.287165217391304
2017	125	0.291382608695652
2017	126	0.2956
2017	127	0.297390909090909
2017	128	0.299181818181818
2017	129	0.300972727272727
2017	130	0.302763636363636
2017	131	0.304554545454545
2017	132	0.306345454545455
2017	133	0.308136363636364
2017	134	0.309927272727273
2017	135	0.311718181818182
2017	136	0.313509090909091
2017	137	0.3153
2017	138	0.317752173913044
2017	139	0.320204347826087
2017	140	0.32265652173913
2017	141	0.325108695652174
2017	142	0.327560869565217
2017	143	0.330013043478261
2017	144	0.332465217391304
2017	145	0.334917391304348
2017	146	0.337369565217391
2017	147	0.339821739130435
2017	148	0.342273913043478
2017	149	0.344726086956522
2017	150	0.347178260869565
2017	151	0.349630434782609
2017	152	0.352082608695652
2017	153	0.354534782608696
2017	154	0.356986956521739
2017	155	0.359439130434783
2017	156	0.361891304347826
2017	157	0.36434347826087
2017	158	0.366795652173913
2017	159	0.369247826086957
2017	160	0.3717
2017	161	0.366285714285714
2017	162	0.360871428571429
2017	163	0.355457142857143
2017	164	0.350042857142857
2017	165	0.344628571428571
2017	166	0.339214285714286
2017	167	0.3338
2017	168	0.330661111111111
2017	169	0.327522222222222
2017	170	0.324383333333333
2017	171	0.321244444444444
2017	172	0.318105555555556
2017	173	0.314966666666667
2017	174	0.311827777777778
2017	175	0.308688888888889
2017	176	0.30555
2017	177	0.302411111111111
2017	178	0.299272222222222
2017	179	0.296133333333333
2017	180	0.292994444444444
2017	181	0.289855555555556
2017	182	0.286716666666667
2017	183	0.283577777777778
2017	184	0.280438888888889
2017	185	0.2773
2017	186	0.281357142857143
2017	187	0.285414285714286
2017	188	0.289471428571429
2017	189	0.293528571428571
2017	190	0.297585714285714
2017	191	0.301642857142857
2017	192	0.3057
2017	193	0.309757142857143
2017	194	0.313814285714286
2017	195	0.317871428571429
2017	196	0.321928571428571
2017	197	0.325985714285714
2017	198	0.330042857142857
2017	199	0.3341
2017	200	0.347017391304348
2017	201	0.359934782608696
2017	202	0.372852173913043
2017	203	0.385769565217391
2017	204	0.398686956521739
2017	205	0.411604347826087
2017	206	0.424521739130435
2017	207	0.437439130434783
2017	208	0.45035652173913
2017	209	0.463273913043478
2017	210	0.476191304347826
2017	211	0.489108695652174
2017	212	0.502026086956522
2017	213	0.51494347826087
2017	214	0.527860869565217
2017	215	0.540778260869565
2017	216	0.553695652173913
2017	217	0.566613043478261
2017	218	0.579530434782609
2017	219	0.592447826086956
2017	220	0.605365217391304
2017	221	0.618282608695652
2017	222	0.6312
2017	223	0.629511111111111
2017	224	0.627822222222222
2017	225	0.626133333333333
2017	226	0.624444444444444
2017	227	0.622755555555556
2017	228	0.621066666666667
2017	229	0.619377777777778
2017	230	0.617688888888889
2017	231	0.616
2017	232	0.614311111111111
2017	233	0.612622222222222
2017	234	0.610933333333333
2017	235	0.609244444444444
2017	236	0.607555555555556
2017	237	0.605866666666667
2017	238	0.604177777777778
2017	239	0.602488888888889
2017	240	0.6008
2017	241	0.594644444444444
2017	242	0.588488888888889
2017	243	0.582333333333333
2017	244	0.576177777777778
2017	245	0.570022222222222
2017	246	0.563866666666667
2017	247	0.557711111111111
2017	248	0.551555555555556
2017	249	0.5454
2017	250	0.540122222222222
2017	251	0.534844444444444
2017	252	0.529566666666667
2017	253	0.524288888888889
2017	254	0.519011111111111
2017	255	0.513733333333333
2017	256	0.508455555555556
2017	257	0.503177777777778
2017	258	0.4979
2017	259	0.49009375
2017	260	0.4822875
2017	261	0.47448125
2017	262	0.466675
2017	263	0.45886875
2017	264	0.4510625
2017	265	0.44325625
2017	266	0.43545
2017	267	0.42764375
2017	268	0.4198375
2017	269	0.41203125
2017	270	0.404225
2017	271	0.39641875
2017	272	0.3886125
2017	273	0.38080625
2017	274	0.373
2017	275	0.37038125
2017	276	0.3677625
2017	277	0.36514375
2017	278	0.362525
2017	279	0.35990625
2017	280	0.3572875
2017	281	0.35466875
2017	282	0.35205
2017	283	0.34943125
2017	284	0.3468125
2017	285	0.34419375
2017	286	0.341575
2017	287	0.33895625
2017	288	0.3363375
2017	289	0.33371875
2017	290	0.3311
2017	291	0.329525
2017	292	0.32795
2017	293	0.326375
2017	294	0.3248
2017	295	0.323225
2017	296	0.32165
2017	297	0.320075
2017	298	0.3185
2017	299	0.316925
2017	300	0.31535
2017	301	0.313775
2017	302	0.3122
2017	303	0.310625
2017	304	0.30905
2017	305	0.307475
2017	306	0.3059
2017	307	0.30685625
2017	308	0.3078125
2017	309	0.30876875
2017	310	0.309725
2017	311	0.31068125
2017	312	0.3116375
2017	313	0.31259375
2017	314	0.31355
2017	315	0.31450625
2017	316	0.3154625
2017	317	0.31641875
2017	318	0.317375
2017	319	0.31833125
2017	320	0.3192875
2017	321	0.32024375
2017	322	0.3212
2017	323	0.31543125
2017	324	0.3096625
2017	325	0.30389375
2017	326	0.298125
2017	327	0.29235625
2017	328	0.2865875
2017	329	0.28081875
2017	330	0.27505
2017	331	0.26928125
2017	332	0.2635125
2017	333	0.25774375
2017	334	0.251975
2017	335	0.24620625
2017	336	0.2404375
2017	337	0.23466875
2017	338	0.2289
2017	339	0.228990476190476
2017	340	0.229080952380952
2017	341	0.229171428571429
2017	342	0.229261904761905
2017	343	0.229352380952381
2017	344	0.229442857142857
2017	345	0.229533333333333
2017	346	0.22962380952381
2017	347	0.229714285714286
2017	348	0.229804761904762
2017	349	0.229895238095238
2017	350	0.229985714285714
2017	351	0.23007619047619
2017	352	0.230166666666667
2017	353	0.230257142857143
2017	354	0.230347619047619
2017	355	0.230438095238095
2017	356	0.230528571428571
2017	357	0.230619047619048
2017	358	0.230709523809524
2017	359	0.2308
2017	360	0.230544444444444
2017	361	0.230288888888889
2017	362	0.230033333333333
2017	363	0.229777777777778
2017	364	0.229522222222222
2017	365	0.229266666666667
2018	1	0.229011111111111
2018	2	0.228755555555556
2018	3	0.2285
2018	4	0.228244444444444
2018	5	0.227988888888889
2018	6	0.227733333333333
2018	7	0.227477777777778
2018	8	0.227222222222222
2018	9	0.226966666666667
2018	10	0.226711111111111
2018	11	0.226455555555556
2018	12	0.2262
2018	13	0.22316
2018	14	0.22012
2018	15	0.21708
2018	16	0.21404
2018	17	0.211
2018	18	0.21111875
2018	19	0.2112375
2018	20	0.21135625
2018	21	0.211475
2018	22	0.21159375
2018	23	0.2117125
2018	24	0.21183125
2018	25	0.21195
2018	26	0.21206875
2018	27	0.2121875
2018	28	0.21230625
2018	29	0.212425
2018	30	0.21254375
2018	31	0.2126625
2018	32	0.21278125
2018	33	0.2129
2018	34	0.212590909090909
2018	35	0.212281818181818
2018	36	0.211972727272727
2018	37	0.211663636363636
2018	38	0.211354545454545
2018	39	0.211045454545455
2018	40	0.210736363636364
2018	41	0.210427272727273
2018	42	0.210118181818182
2018	43	0.209809090909091
2018	44	0.2095
2018	45	0.209190909090909
2018	46	0.208881818181818
2018	47	0.208572727272727
2018	48	0.208263636363636
2018	49	0.207954545454545
2018	50	0.207645454545455
2018	51	0.207336363636364
2018	52	0.207027272727273
2018	53	0.206718181818182
2018	54	0.206409090909091
2018	55	0.2061
2018	56	0.205452380952381
2018	57	0.204804761904762
2018	58	0.204157142857143
2018	59	0.203509523809524
2018	60	0.202861904761905
2018	61	0.202214285714286
2018	62	0.201566666666667
2018	63	0.200919047619048
2018	64	0.200271428571429
2018	65	0.19962380952381
2018	66	0.19897619047619
2018	67	0.198328571428571
2018	68	0.197680952380952
2018	69	0.197033333333333
2018	70	0.196385714285714
2018	71	0.195738095238095
2018	72	0.195090476190476
2018	73	0.194442857142857
2018	74	0.193795238095238
2018	75	0.193147619047619
2018	76	0.1925
2018	77	0.192478571428571
2018	78	0.192457142857143
2018	79	0.192435714285714
2018	80	0.192414285714286
2018	81	0.192392857142857
2018	82	0.192371428571429
2018	83	0.19235
2018	84	0.192328571428571
2018	85	0.192307142857143
2018	86	0.192285714285714
2018	87	0.192264285714286
2018	88	0.192242857142857
2018	89	0.192221428571429
2018	90	0.1922
2018	91	0.1926
2018	92	0.193
2018	93	0.1934
2018	94	0.1938
2018	95	0.1942
2018	96	0.1946
2018	97	0.195
2018	98	0.1954
2018	99	0.1958
2018	100	0.1962
2018	101	0.1966
2018	102	0.197
2018	103	0.1974
2018	104	0.1978
2018	105	0.1982
2018	106	0.1986
2018	107	0.199
2018	108	0.1994
2018	109	0.202642857142857
2018	110	0.205885714285714
2018	111	0.209128571428571
2018	112	0.212371428571429
2018	113	0.215614285714286
2018	114	0.218857142857143
2018	115	0.2221
2018	116	0.220955555555556
2018	117	0.219811111111111
2018	118	0.218666666666667
2018	119	0.217522222222222
2018	120	0.216377777777778
2018	121	0.215233333333333
2018	122	0.214088888888889
2018	123	0.212944444444444
2018	124	0.2118
2018	125	0.210655555555556
2018	126	0.209511111111111
2018	127	0.208366666666667
2018	128	0.207222222222222
2018	129	0.206077777777778
2018	130	0.204933333333333
2018	131	0.203788888888889
2018	132	0.202644444444444
2018	133	0.2015
2018	134	0.199992857142857
2018	135	0.198485714285714
2018	136	0.196978571428571
2018	137	0.195471428571429
2018	138	0.193964285714286
2018	139	0.192457142857143
2018	140	0.19095
2018	141	0.189442857142857
2018	142	0.187935714285714
2018	143	0.186428571428571
2018	144	0.184921428571429
2018	145	0.183414285714286
2018	146	0.181907142857143
2018	147	0.1804
2018	148	0.180172
2018	149	0.179944
2018	150	0.179716
2018	151	0.179488
2018	152	0.17926
2018	153	0.179032
2018	154	0.178804
2018	155	0.178576
2018	156	0.178348
2018	157	0.17812
2018	158	0.177892
2018	159	0.177664
2018	160	0.177436
2018	161	0.177208
2018	162	0.17698
2018	163	0.176752
2018	164	0.176524
2018	165	0.176296
2018	166	0.176068
2018	167	0.17584
2018	168	0.175612
2018	169	0.175384
2018	170	0.175156
2018	171	0.174928
2018	172	0.1747
2018	173	0.173785714285714
2018	174	0.172871428571429
2018	175	0.171957142857143
2018	176	0.171042857142857
2018	177	0.170128571428571
2018	178	0.169214285714286
2018	179	0.1683
2018	180	0.168630434782609
2018	181	0.168960869565217
2018	182	0.169291304347826
2018	183	0.169621739130435
2018	184	0.169952173913043
2018	185	0.170282608695652
2018	186	0.170613043478261
2018	187	0.17094347826087
2018	188	0.171273913043478
2018	189	0.171604347826087
2018	190	0.171934782608696
2018	191	0.172265217391304
2018	192	0.172595652173913
2018	193	0.172926086956522
2018	194	0.17325652173913
2018	195	0.173586956521739
2018	196	0.173917391304348
2018	197	0.174247826086957
2018	198	0.174578260869565
2018	199	0.174908695652174
2018	200	0.175239130434783
2018	201	0.175569565217391
2018	202	0.1759
2018	203	0.177314285714286
2018	204	0.178728571428571
2018	205	0.180142857142857
2018	206	0.181557142857143
2018	207	0.182971428571429
2018	208	0.184385714285714
2018	209	0.1858
2018	210	0.190855172413793
2018	211	0.195910344827586
2018	212	0.200965517241379
2018	213	0.206020689655172
2018	214	0.211075862068966
2018	215	0.216131034482759
2018	216	0.221186206896552
2018	217	0.226241379310345
2018	218	0.231296551724138
2018	219	0.236351724137931
2018	220	0.241406896551724
2018	221	0.246462068965517
2018	222	0.25151724137931
2018	223	0.256572413793103
2018	224	0.261627586206897
2018	225	0.26668275862069
2018	226	0.271737931034483
2018	227	0.276793103448276
2018	228	0.281848275862069
2018	229	0.286903448275862
2018	230	0.291958620689655
2018	231	0.297013793103448
2018	232	0.302068965517241
2018	233	0.307124137931034
2018	234	0.312179310344828
2018	235	0.317234482758621
2018	236	0.322289655172414
2018	237	0.327344827586207
2018	238	0.3324
2018	239	0.330766666666667
2018	240	0.329133333333333
2018	241	0.3275
2018	242	0.324172
2018	243	0.320844
2018	244	0.317516
2018	245	0.314188
2018	246	0.31086
2018	247	0.307532
2018	248	0.304204
2018	249	0.300876
2018	250	0.297548
2018	251	0.29422
2018	252	0.290892
2018	253	0.287564
2018	254	0.284236
2018	255	0.280908
2018	256	0.27758
2018	257	0.274252
2018	258	0.270924
2018	259	0.267596
2018	260	0.264268
2018	261	0.26094
2018	262	0.257612
2018	263	0.254284
2018	264	0.250956
2018	265	0.247628
2018	266	0.2443
2018	267	0.241377777777778
2018	268	0.238455555555556
2018	269	0.235533333333333
2018	270	0.232611111111111
2018	271	0.229688888888889
2018	272	0.226766666666667
2018	273	0.223844444444444
2018	274	0.220922222222222
2018	275	0.218
2018	276	0.215894444444444
2018	277	0.213788888888889
2018	278	0.211683333333333
2018	279	0.209577777777778
2018	280	0.207472222222222
2018	281	0.205366666666667
2018	282	0.203261111111111
2018	283	0.201155555555556
2018	284	0.19905
2018	285	0.196944444444444
2018	286	0.194838888888889
2018	287	0.192733333333333
2018	288	0.190627777777778
2018	289	0.188522222222222
2018	290	0.186416666666667
2018	291	0.184311111111111
2018	292	0.182205555555556
2018	293	0.1801
2018	294	0.180225
2018	295	0.18035
2018	296	0.180475
2018	297	0.1806
2018	298	0.180725
2018	299	0.18085
2018	300	0.180975
2018	301	0.1811
2018	302	0.181225
2018	303	0.18135
2018	304	0.181475
2018	305	0.1816
2018	306	0.181725
2018	307	0.18185
2018	308	0.181975
2018	309	0.1821
2018	310	0.181764285714286
2018	311	0.181428571428571
2018	312	0.181092857142857
2018	313	0.180757142857143
2018	314	0.180421428571429
2018	315	0.180085714285714
2018	316	0.17975
2018	317	0.179414285714286
2018	318	0.179078571428571
2018	319	0.178742857142857
2018	320	0.178407142857143
2018	321	0.178071428571429
2018	322	0.177735714285714
2018	323	0.1774
2018	324	0.176964
2018	325	0.176528
2018	326	0.176092
2018	327	0.175656
2018	328	0.17522
2018	329	0.174784
2018	330	0.174348
2018	331	0.173912
2018	332	0.173476
2018	333	0.17304
2018	334	0.172604
2018	335	0.172168
2018	336	0.171732
2018	337	0.171296
2018	338	0.17086
2018	339	0.170424
2018	340	0.169988
2018	341	0.169552
2018	342	0.169116
2018	343	0.16868
2018	344	0.168244
2018	345	0.167808
2018	346	0.167372
2018	347	0.166936
2018	348	0.1665
2018	349	0.16663125
2018	350	0.1667625
2018	351	0.16689375
2018	352	0.167025
2018	353	0.16715625
2018	354	0.1672875
2018	355	0.16741875
2018	356	0.16755
2018	357	0.16768125
2018	358	0.1678125
2018	359	0.16794375
2018	360	0.168075
2018	361	0.16820625
2018	362	0.1683375
2018	363	0.16846875
2018	364	0.1686
2018	365	0.168328571428571
2019	1	0.168057142857143
2019	2	0.167785714285714
2019	3	0.167514285714286
2019	4	0.167242857142857
2019	5	0.166971428571429
2019	6	0.1667
2019	7	0.166481818181818
2019	8	0.166263636363636
2019	9	0.166045454545455
2019	10	0.165827272727273
2019	11	0.165609090909091
2019	12	0.165390909090909
2019	13	0.165172727272727
2019	14	0.164954545454545
2019	15	0.164736363636364
2019	16	0.164518181818182
2019	17	0.1643
2019	18	0.164309523809524
2019	19	0.164319047619048
2019	20	0.164328571428571
2019	21	0.164338095238095
2019	22	0.164347619047619
2019	23	0.164357142857143
2019	24	0.164366666666667
2019	25	0.16437619047619
2019	26	0.164385714285714
2019	27	0.164395238095238
2019	28	0.164404761904762
2019	29	0.164414285714286
2019	30	0.16442380952381
2019	31	0.164433333333333
2019	32	0.164442857142857
2019	33	0.164452380952381
2019	34	0.164461904761905
2019	35	0.164471428571429
2019	36	0.164480952380952
2019	37	0.164490476190476
2019	38	0.1645
2019	39	0.164156666666667
2019	40	0.163813333333333
2019	41	0.16347
2019	42	0.163126666666667
2019	43	0.162783333333333
2019	44	0.16244
2019	45	0.162096666666667
2019	46	0.161753333333333
2019	47	0.16141
2019	48	0.161066666666667
2019	49	0.160723333333333
2019	50	0.16038
2019	51	0.160036666666667
2019	52	0.159693333333333
2019	53	0.15935
2019	54	0.159006666666667
2019	55	0.158663333333333
2019	56	0.15832
2019	57	0.157976666666667
2019	58	0.157633333333333
2019	59	0.15729
2019	60	0.156946666666667
2019	61	0.156603333333333
2019	62	0.15626
2019	63	0.155916666666667
2019	64	0.155573333333333
2019	65	0.15523
2019	66	0.154886666666667
2019	67	0.154543333333333
2019	68	0.1542
2019	69	0.157417391304348
2019	70	0.160634782608696
2019	71	0.163852173913043
2019	72	0.167069565217391
2019	73	0.170286956521739
2019	74	0.173504347826087
2019	75	0.176721739130435
2019	76	0.179939130434783
2019	77	0.18315652173913
2019	78	0.186373913043478
2019	79	0.189591304347826
2019	80	0.192808695652174
2019	81	0.196026086956522
2019	82	0.19924347826087
2019	83	0.202460869565217
2019	84	0.205678260869565
2019	85	0.208895652173913
2019	86	0.212113043478261
2019	87	0.215330434782609
2019	88	0.218547826086957
2019	89	0.221765217391304
2019	90	0.224982608695652
2019	91	0.2282
2019	92	0.2315
2019	93	0.2348
2019	94	0.2381
2019	95	0.2414
2019	96	0.2447
2019	97	0.248
2019	98	0.2513
2019	99	0.2546
2019	100	0.2579
2019	101	0.2612
2019	102	0.2645
2019	103	0.2678
2019	104	0.2711
2019	105	0.2744
2019	106	0.2777
2019	107	0.281
2019	108	0.2843
2019	109	0.2876
2019	110	0.290775
2019	111	0.29395
2019	112	0.297125
2019	113	0.3003
2019	114	0.303475
2019	115	0.30665
2019	116	0.309825
2019	117	0.313
2019	118	0.316175
2019	119	0.31935
2019	120	0.322525
2019	121	0.3257
2019	122	0.328875
2019	123	0.33205
2019	124	0.335225
2019	125	0.3384
2019	126	0.345957894736842
2019	127	0.353515789473684
2019	128	0.361073684210526
2019	129	0.368631578947368
2019	130	0.376189473684211
2019	131	0.383747368421053
2019	132	0.391305263157895
2019	133	0.398863157894737
2019	134	0.406421052631579
2019	135	0.413978947368421
2019	136	0.421536842105263
2019	137	0.429094736842105
2019	138	0.436652631578947
2019	139	0.44421052631579
2019	140	0.451768421052632
2019	141	0.459326315789474
2019	142	0.466884210526316
2019	143	0.474442105263158
2019	144	0.482
2019	145	0.458683333333333
2019	146	0.435366666666667
2019	147	0.41205
2019	148	0.388733333333333
2019	149	0.365416666666667
2019	150	0.3421
2019	151	0.339812
2019	152	0.337524
2019	153	0.335236
2019	154	0.332948
2019	155	0.33066
2019	156	0.328372
2019	157	0.326084
2019	158	0.323796
2019	159	0.321508
2019	160	0.31922
2019	161	0.316932
2019	162	0.314644
2019	163	0.312356
2019	164	0.310068
2019	165	0.30778
2019	166	0.305492
2019	167	0.303204
2019	168	0.300916
2019	169	0.298628
2019	170	0.29634
2019	171	0.294052
2019	172	0.291764
2019	173	0.289476
2019	174	0.287188
2019	175	0.2849
2019	176	0.281244444444444
2019	177	0.277588888888889
2019	178	0.273933333333333
2019	179	0.270277777777778
2019	180	0.266622222222222
2019	181	0.262966666666667
2019	182	0.259311111111111
2019	183	0.255655555555556
2019	184	0.252
2019	185	0.2512
2019	186	0.2504
2019	187	0.2496
2019	188	0.2488
2019	189	0.248
2019	190	0.2472
2019	191	0.2464
2019	192	0.2456
2019	193	0.2448
2019	194	0.244
2019	195	0.2432
2019	196	0.2424
2019	197	0.2416
2019	198	0.2408
2019	199	0.2429875
2019	200	0.245175
2019	201	0.2473625
2019	202	0.24955
2019	203	0.2517375
2019	204	0.253925
2019	205	0.2561125
2019	206	0.2583
2019	207	0.2604875
2019	208	0.262675
2019	209	0.2648625
2019	210	0.26705
2019	211	0.2692375
2019	212	0.271425
2019	213	0.2736125
2019	214	0.2758
2019	215	0.274108695652174
2019	216	0.272417391304348
2019	217	0.270726086956522
2019	218	0.269034782608696
2019	219	0.26734347826087
2019	220	0.265652173913043
2019	221	0.263960869565217
2019	222	0.262269565217391
2019	223	0.260578260869565
2019	224	0.258886956521739
2019	225	0.257195652173913
2019	226	0.255504347826087
2019	227	0.253813043478261
2019	228	0.252121739130435
2019	229	0.250430434782609
2019	230	0.248739130434783
2019	231	0.247047826086957
2019	232	0.24535652173913
2019	233	0.243665217391304
2019	234	0.241973913043478
2019	235	0.240282608695652
2019	236	0.238591304347826
2019	237	0.2369
2019	238	0.234088888888889
2019	239	0.231277777777778
2019	240	0.228466666666667
2019	241	0.225655555555556
2019	242	0.222844444444444
2019	243	0.220033333333333
2019	244	0.217222222222222
2019	245	0.214411111111111
2019	246	0.2116
2019	247	0.21090625
2019	248	0.2102125
2019	249	0.20951875
2019	250	0.208825
2019	251	0.20813125
2019	252	0.2074375
2019	253	0.20674375
2019	254	0.20605
2019	255	0.20535625
2019	256	0.2046625
2019	257	0.20396875
2019	258	0.203275
2019	259	0.20258125
2019	260	0.2018875
2019	261	0.20119375
2019	262	0.2005
2019	263	0.199836
2019	264	0.199172
2019	265	0.198508
2019	266	0.197844
2019	267	0.19718
2019	268	0.196516
2019	269	0.195852
2019	270	0.195188
2019	271	0.194524
2019	272	0.19386
2019	273	0.193196
2019	274	0.192532
2019	275	0.191868
2019	276	0.191204
2019	277	0.19054
2019	278	0.189876
2019	279	0.189212
2019	280	0.188548
2019	281	0.187884
2019	282	0.18722
2019	283	0.186556
2019	284	0.185892
2019	285	0.185228
2019	286	0.184564
2019	287	0.1839
2019	288	0.185658333333333
2019	289	0.187416666666667
2019	290	0.189175
2019	291	0.190933333333333
2019	292	0.192691666666667
2019	293	0.19445
2019	294	0.196208333333333
2019	295	0.197966666666667
2019	296	0.199725
2019	297	0.201483333333333
2019	298	0.203241666666667
2019	299	0.205
2019	300	0.202915384615385
2019	301	0.200830769230769
2019	302	0.198746153846154
2019	303	0.196661538461538
2019	304	0.194576923076923
2019	305	0.192492307692308
2019	306	0.190407692307692
2019	307	0.188323076923077
2019	308	0.186238461538462
2019	309	0.184153846153846
2019	310	0.182069230769231
2019	311	0.179984615384615
2019	312	0.1779
2019	313	0.177377777777778
2019	314	0.176855555555556
2019	315	0.176333333333333
2019	316	0.175811111111111
2019	317	0.175288888888889
2019	318	0.174766666666667
2019	319	0.174244444444444
2019	320	0.173722222222222
2019	321	0.1732
2019	322	0.172052173913044
2019	323	0.170904347826087
2019	324	0.16975652173913
2019	325	0.168608695652174
2019	326	0.167460869565217
2019	327	0.166313043478261
2019	328	0.165165217391304
2019	329	0.164017391304348
2019	330	0.162869565217391
2019	331	0.161721739130435
2019	332	0.160573913043478
2019	333	0.159426086956522
2019	334	0.158278260869565
2019	335	0.157130434782609
2019	336	0.155982608695652
2019	337	0.154834782608696
2019	338	0.153686956521739
2019	339	0.152539130434783
2019	340	0.151391304347826
2019	341	0.15024347826087
2019	342	0.149095652173913
2019	343	0.147947826086957
2019	344	0.1468
2019	345	0.1481625
2019	346	0.149525
2019	347	0.1508875
2019	348	0.15225
2019	349	0.1536125
2019	350	0.154975
2019	351	0.1563375
2019	352	0.1577
2019	353	0.1590625
2019	354	0.160425
2019	355	0.1617875
2019	356	0.16315
2019	357	0.1645125
2019	358	0.165875
2019	359	0.1672375
2019	360	0.1686
2019	361	0.1699625
2019	362	0.171325
2019	363	0.1726875
2019	364	0.17405
2019	365	0.1754125
2020	1	0.176775
2020	2	0.1781375
2020	3	0.1795
2020	4	0.1636
2020	5	0.163647619047619
2020	6	0.163695238095238
2020	7	0.163742857142857
2020	8	0.163790476190476
2020	9	0.163838095238095
2020	10	0.163885714285714
2020	11	0.163933333333333
2020	12	0.163980952380952
2020	13	0.164028571428571
2020	14	0.16407619047619
2020	15	0.16412380952381
2020	16	0.164171428571429
2020	17	0.164219047619048
2020	18	0.164266666666667
2020	19	0.164314285714286
2020	20	0.164361904761905
2020	21	0.164409523809524
2020	22	0.164457142857143
2020	23	0.164504761904762
2020	24	0.164552380952381
2020	25	0.1646
2020	26	0.163575
2020	27	0.16255
2020	28	0.161525
2020	29	0.1605
2020	30	0.159475
2020	31	0.15845
2020	32	0.157425
2020	33	0.1564
2020	34	0.156420833333333
2020	35	0.156441666666667
2020	36	0.1564625
2020	37	0.156483333333333
2020	38	0.156504166666667
2020	39	0.156525
2020	40	0.156545833333333
2020	41	0.156566666666667
2020	42	0.1565875
2020	43	0.156608333333333
2020	44	0.156629166666667
2020	45	0.15665
2020	46	0.156670833333333
2020	47	0.156691666666667
2020	48	0.1567125
2020	49	0.156733333333333
2020	50	0.156754166666667
2020	51	0.156775
2020	52	0.156795833333333
2020	53	0.156816666666667
2020	54	0.1568375
2020	55	0.156858333333333
2020	56	0.156879166666667
2020	57	0.1569
2020	58	0.157209523809524
2020	59	0.157519047619048
2020	60	0.157828571428571
2020	61	0.158138095238095
2020	62	0.158447619047619
2020	63	0.158757142857143
2020	64	0.159066666666667
2020	65	0.159376190476191
2020	66	0.159685714285714
2020	67	0.159995238095238
2020	68	0.160304761904762
2020	69	0.160614285714286
2020	70	0.16092380952381
2020	71	0.161233333333333
2020	72	0.161542857142857
2020	73	0.161852380952381
2020	74	0.162161904761905
2020	75	0.162471428571429
2020	76	0.162780952380952
2020	77	0.163090476190476
2020	78	0.1634
2020	79	0.1645
2020	80	0.1656
2020	81	0.1667
2020	82	0.1678
2020	83	0.168303333333333
2020	84	0.168806666666667
2020	85	0.16931
2020	86	0.169813333333333
2020	87	0.170316666666667
2020	88	0.17082
2020	89	0.171323333333333
2020	90	0.171826666666667
2020	91	0.17233
2020	92	0.172833333333333
2020	93	0.173336666666667
2020	94	0.17384
2020	95	0.174343333333333
2020	96	0.174846666666667
2020	97	0.17535
2020	98	0.175853333333333
2020	99	0.176356666666667
2020	100	0.17686
2020	101	0.177363333333333
2020	102	0.177866666666667
2020	103	0.17837
2020	104	0.178873333333333
2020	105	0.179376666666667
2020	106	0.17988
2020	107	0.180383333333333
2020	108	0.180886666666667
2020	109	0.18139
2020	110	0.181893333333333
2020	111	0.182396666666667
2020	112	0.1829
2020	113	0.1823375
2020	114	0.181775
2020	115	0.1812125
2020	116	0.18065
2020	117	0.1800875
2020	118	0.179525
2020	119	0.1789625
2020	120	0.1784
2020	121	0.1778375
2020	122	0.177275
2020	123	0.1767125
2020	124	0.17615
2020	125	0.1755875
2020	126	0.175025
2020	127	0.1744625
2020	128	0.1739
2020	129	0.175988888888889
2020	130	0.178077777777778
2020	131	0.180166666666667
2020	132	0.182255555555556
2020	133	0.184344444444444
2020	134	0.186433333333333
2020	135	0.188522222222222
2020	136	0.190611111111111
2020	137	0.1927
2020	138	0.193227777777778
2020	139	0.193755555555556
2020	140	0.194283333333333
2020	141	0.194811111111111
2020	142	0.195338888888889
2020	143	0.195866666666667
2020	144	0.196394444444444
2020	145	0.196922222222222
2020	146	0.19745
2020	147	0.197977777777778
2020	148	0.198505555555556
2020	149	0.199033333333333
2020	150	0.199561111111111
2020	151	0.200088888888889
2020	152	0.200616666666667
2020	153	0.201144444444444
2020	154	0.201672222222222
2020	155	0.2022
2020	156	0.200819047619048
2020	157	0.199438095238095
2020	158	0.198057142857143
2020	159	0.196676190476191
2020	160	0.195295238095238
2020	161	0.193914285714286
2020	162	0.192533333333333
2020	163	0.191152380952381
2020	164	0.189771428571429
2020	165	0.188390476190476
2020	166	0.187009523809524
2020	167	0.185628571428571
2020	168	0.184247619047619
2020	169	0.182866666666667
2020	170	0.181485714285714
2020	171	0.180104761904762
2020	172	0.17872380952381
2020	173	0.177342857142857
2020	174	0.175961904761905
2020	175	0.174580952380952
2020	176	0.1732
2020	177	0.172644444444444
2020	178	0.172088888888889
2020	179	0.171533333333333
2020	180	0.170977777777778
2020	181	0.170422222222222
2020	182	0.169866666666667
2020	183	0.169311111111111
2020	184	0.168755555555556
2020	185	0.1682
2020	186	0.169571428571429
2020	187	0.170942857142857
2020	188	0.172314285714286
2020	189	0.173685714285714
2020	190	0.175057142857143
2020	191	0.176428571428571
2020	192	0.1778
2020	193	0.179171428571429
2020	194	0.180542857142857
2020	195	0.181914285714286
2020	196	0.183285714285714
2020	197	0.184657142857143
2020	198	0.186028571428571
2020	199	0.1874
2020	200	0.193145
2020	201	0.19889
2020	202	0.204635
2020	203	0.21038
2020	204	0.216125
2020	205	0.22187
2020	206	0.227615
2020	207	0.23336
2020	208	0.239105
2020	209	0.24485
2020	210	0.250595
2020	211	0.25634
2020	212	0.262085
2020	213	0.26783
2020	214	0.273575
2020	215	0.27932
2020	216	0.285065
2020	217	0.29081
2020	218	0.296555
2020	219	0.3023
2020	220	0.295557142857143
2020	221	0.288814285714286
2020	222	0.282071428571429
2020	223	0.275328571428571
2020	224	0.268585714285714
2020	225	0.261842857142857
2020	226	0.2551
2020	227	0.253694444444444
2020	228	0.252288888888889
2020	229	0.250883333333333
2020	230	0.249477777777778
2020	231	0.248072222222222
2020	232	0.246666666666667
2020	233	0.245261111111111
2020	234	0.243855555555556
2020	235	0.24245
2020	236	0.241044444444444
2020	237	0.239638888888889
2020	238	0.238233333333333
2020	239	0.236827777777778
2020	240	0.235422222222222
2020	241	0.234016666666667
2020	242	0.232611111111111
2020	243	0.231205555555556
2020	244	0.2298
2020	245	0.229589285714286
2020	246	0.229378571428571
2020	247	0.229167857142857
2020	248	0.228957142857143
2020	249	0.228746428571429
2020	250	0.228535714285714
2020	251	0.228325
2020	252	0.228114285714286
2020	253	0.227903571428571
2020	254	0.227692857142857
2020	255	0.227482142857143
2020	256	0.227271428571429
2020	257	0.227060714285714
2020	258	0.22685
2020	259	0.226639285714286
2020	260	0.226428571428571
2020	261	0.226217857142857
2020	262	0.226007142857143
2020	263	0.225796428571429
2020	264	0.225585714285714
2020	265	0.225375
2020	266	0.225164285714286
2020	267	0.224953571428571
2020	268	0.224742857142857
2020	269	0.224532142857143
2020	270	0.224321428571429
2020	271	0.224110714285714
2020	272	0.2239
2020	273	0.222675
2020	274	0.22145
2020	275	0.220225
2020	276	0.219
2020	277	0.218617857142857
2020	278	0.218235714285714
2020	279	0.217853571428571
2020	280	0.217471428571429
2020	281	0.217089285714286
2020	282	0.216707142857143
2020	283	0.216325
2020	284	0.215942857142857
2020	285	0.215560714285714
2020	286	0.215178571428571
2020	287	0.214796428571429
2020	288	0.214414285714286
2020	289	0.214032142857143
2020	290	0.21365
2020	291	0.213267857142857
2020	292	0.212885714285714
2020	293	0.212503571428571
2020	294	0.212121428571429
2020	295	0.211739285714286
2020	296	0.211357142857143
2020	297	0.210975
2020	298	0.210592857142857
2020	299	0.210210714285714
2020	300	0.209828571428571
2020	301	0.209446428571429
2020	302	0.209064285714286
2020	303	0.208682142857143
2020	304	0.2083
2020	305	0.19845
2020	306	0.1886
2020	307	0.189488
2020	308	0.190376
2020	309	0.191264
2020	310	0.192152
2020	311	0.19304
2020	312	0.193928
2020	313	0.194816
2020	314	0.195704
2020	315	0.196592
2020	316	0.19748
2020	317	0.198368
2020	318	0.199256
2020	319	0.200144
2020	320	0.201032
2020	321	0.20192
2020	322	0.202808
2020	323	0.203696
2020	324	0.204584
2020	325	0.205472
2020	326	0.20636
2020	327	0.207248
2020	328	0.208136
2020	329	0.209024
2020	330	0.209912
2020	331	0.2108
2020	332	0.2048
2020	333	0.1988
2020	334	0.1928
2020	335	0.1868
2020	336	0.1808
2020	337	0.1748
2020	338	0.1688
2020	339	0.169226086956522
2020	340	0.169652173913043
2020	341	0.170078260869565
2020	342	0.170504347826087
2020	343	0.170930434782609
2020	344	0.17135652173913
2020	345	0.171782608695652
2020	346	0.172208695652174
2020	347	0.172634782608696
2020	348	0.173060869565217
2020	349	0.173486956521739
2020	350	0.173913043478261
2020	351	0.174339130434783
2020	352	0.174765217391304
2020	353	0.175191304347826
2020	354	0.175617391304348
2020	355	0.17604347826087
2020	356	0.176469565217391
2020	357	0.176895652173913
2020	358	0.177321739130435
2020	359	0.177747826086957
2020	360	0.178173913043478
2020	361	0.1786
2020	362	0.1761
2020	363	0.1736
2020	364	0.1711
2020	365	0.1686
2020	366	0.1661
