2016	1	0.3151875
2016	2	0.314725
2016	3	0.3142625
2016	4	0.3138
2016	5	0.313647826086957
2016	6	0.313495652173913
2016	7	0.31334347826087
2016	8	0.313191304347826
2016	9	0.313039130434783
2016	10	0.312886956521739
2016	11	0.312734782608696
2016	12	0.312582608695652
2016	13	0.312430434782609
2016	14	0.312278260869565
2016	15	0.312126086956522
2016	16	0.311973913043478
2016	17	0.311821739130435
2016	18	0.311669565217391
2016	19	0.311517391304348
2016	20	0.311365217391304
2016	21	0.311213043478261
2016	22	0.311060869565217
2016	23	0.310908695652174
2016	24	0.31075652173913
2016	25	0.310604347826087
2016	26	0.310452173913043
2016	27	0.3103
2016	28	0.312325
2016	29	0.31435
2016	30	0.316375
2016	31	0.3184
2016	32	0.320425
2016	33	0.32245
2016	34	0.324475
2016	35	0.3265
2016	36	0.328525
2016	37	0.33055
2016	38	0.332575
2016	39	0.3346
2016	40	0.336625
2016	41	0.33865
2016	42	0.340675
2016	43	0.3427
2016	44	0.3421
2016	45	0.3415
2016	46	0.3409
2016	47	0.3403
2016	48	0.3397
2016	49	0.3391
2016	50	0.3385
2016	51	0.3379
2016	52	0.3373
2016	53	0.3367
2016	54	0.3361
2016	55	0.3355
2016	56	0.3349
2016	57	0.3343
2016	58	0.3337
2016	59	0.3331
2016	60	0.337225
2016	61	0.34135
2016	62	0.345475
2016	63	0.3496
2016	64	0.353725
2016	65	0.35785
2016	66	0.361975
2016	67	0.3661
2016	68	0.370225
2016	69	0.37435
2016	70	0.378475
2016	71	0.3826
2016	72	0.386725
2016	73	0.39085
2016	74	0.394975
2016	75	0.3991
2016	76	0.39934375
2016	77	0.3995875
2016	78	0.39983125
2016	79	0.400075
2016	80	0.40031875
2016	81	0.4005625
2016	82	0.40080625
2016	83	0.40105
2016	84	0.40129375
2016	85	0.4015375
2016	86	0.40178125
2016	87	0.402025
2016	88	0.40226875
2016	89	0.4025125
2016	90	0.40275625
2016	91	0.403
2016	92	0.401171428571429
2016	93	0.399342857142857
2016	94	0.397514285714286
2016	95	0.395685714285714
2016	96	0.393857142857143
2016	97	0.392028571428571
2016	98	0.3902
2016	99	0.39883125
2016	100	0.4074625
2016	101	0.41609375
2016	102	0.424725
2016	103	0.43335625
2016	104	0.4419875
2016	105	0.45061875
2016	106	0.45925
2016	107	0.46788125
2016	108	0.4765125
2016	109	0.48514375
2016	110	0.493775
2016	111	0.50240625
2016	112	0.5110375
2016	113	0.51966875
2016	114	0.5283
2016	115	0.53344
2016	116	0.53858
2016	117	0.54372
2016	118	0.54886
2016	119	0.554
2016	120	0.55914
2016	121	0.56428
2016	122	0.56942
2016	123	0.57456
2016	124	0.5797
2016	125	0.58484
2016	126	0.58998
2016	127	0.59512
2016	128	0.60026
2016	129	0.6054
2016	130	0.61054
2016	131	0.61568
2016	132	0.62082
2016	133	0.62596
2016	134	0.6311
2016	135	0.628708695652174
2016	136	0.626317391304348
2016	137	0.623926086956522
2016	138	0.621534782608696
2016	139	0.61914347826087
2016	140	0.616752173913043
2016	141	0.614360869565217
2016	142	0.611969565217391
2016	143	0.609578260869565
2016	144	0.607186956521739
2016	145	0.604795652173913
2016	146	0.602404347826087
2016	147	0.600013043478261
2016	148	0.597621739130435
2016	149	0.595230434782609
2016	150	0.592839130434783
2016	151	0.590447826086957
2016	152	0.58805652173913
2016	153	0.585665217391304
2016	154	0.583273913043478
2016	155	0.580882608695652
2016	156	0.578491304347826
2016	157	0.5761
2016	158	0.568042857142857
2016	159	0.559985714285714
2016	160	0.551928571428571
2016	161	0.543871428571429
2016	162	0.535814285714286
2016	163	0.527757142857143
2016	164	0.5197
2016	165	0.524456
2016	166	0.529212
2016	167	0.533968
2016	168	0.538724
2016	169	0.54348
2016	170	0.548236
2016	171	0.552992
2016	172	0.557748
2016	173	0.562504
2016	174	0.56726
2016	175	0.572016
2016	176	0.576772
2016	177	0.581528
2016	178	0.586284
2016	179	0.59104
2016	180	0.595796
2016	181	0.600552
2016	182	0.605308
2016	183	0.610064
2016	184	0.61482
2016	185	0.619576
2016	186	0.624332
2016	187	0.629088
2016	188	0.633844
2016	189	0.6386
2016	190	0.633642857142857
2016	191	0.628685714285714
2016	192	0.623728571428572
2016	193	0.618771428571429
2016	194	0.613814285714286
2016	195	0.608857142857143
2016	196	0.6039
2016	197	0.598942857142857
2016	198	0.593985714285714
2016	199	0.589028571428571
2016	200	0.584071428571429
2016	201	0.579114285714286
2016	202	0.574157142857143
2016	203	0.5692
2016	204	0.575214285714286
2016	205	0.581228571428571
2016	206	0.587242857142857
2016	207	0.593257142857143
2016	208	0.599271428571429
2016	209	0.605285714285714
2016	210	0.6113
2016	211	0.60636
2016	212	0.60142
2016	213	0.59648
2016	214	0.59154
2016	215	0.5866
2016	216	0.58166
2016	217	0.57672
2016	218	0.57178
2016	219	0.56684
2016	220	0.5619
2016	221	0.55696
2016	222	0.55202
2016	223	0.54708
2016	224	0.54214
2016	225	0.5372
2016	226	0.53226
2016	227	0.52732
2016	228	0.52238
2016	229	0.51744
2016	230	0.5125
2016	231	0.50756
2016	232	0.50262
2016	233	0.49768
2016	234	0.49274
2016	235	0.4878
2016	236	0.496521428571429
2016	237	0.505242857142857
2016	238	0.513964285714286
2016	239	0.522685714285714
2016	240	0.531407142857143
2016	241	0.540128571428571
2016	242	0.54885
2016	243	0.557571428571429
2016	244	0.566292857142857
2016	245	0.575014285714286
2016	246	0.583735714285714
2016	247	0.592457142857143
2016	248	0.601178571428571
2016	249	0.6099
2016	250	0.610776923076923
2016	251	0.611653846153846
2016	252	0.612530769230769
2016	253	0.613407692307692
2016	254	0.614284615384615
2016	255	0.615161538461539
2016	256	0.616038461538462
2016	257	0.616915384615385
2016	258	0.617792307692308
2016	259	0.618669230769231
2016	260	0.619546153846154
2016	261	0.620423076923077
2016	262	0.6213
2016	263	0.618247619047619
2016	264	0.615195238095238
2016	265	0.612142857142857
2016	266	0.609090476190476
2016	267	0.606038095238095
2016	268	0.602985714285714
2016	269	0.599933333333333
2016	270	0.596880952380952
2016	271	0.593828571428571
2016	272	0.590776190476191
2016	273	0.58772380952381
2016	274	0.584671428571429
2016	275	0.581619047619048
2016	276	0.578566666666667
2016	277	0.575514285714286
2016	278	0.572461904761905
2016	279	0.569409523809524
2016	280	0.566357142857143
2016	281	0.563304761904762
2016	282	0.560252380952381
2016	283	0.5572
2016	284	0.550714285714286
2016	285	0.544228571428572
2016	286	0.537742857142857
2016	287	0.531257142857143
2016	288	0.524771428571429
2016	289	0.518285714285714
2016	290	0.5118
2016	291	0.51042
2016	292	0.50904
2016	293	0.50766
2016	294	0.50628
2016	295	0.5049
2016	296	0.50352
2016	297	0.50214
2016	298	0.50076
2016	299	0.49938
2016	300	0.498
2016	301	0.49662
2016	302	0.49524
2016	303	0.49386
2016	304	0.49248
2016	305	0.4911
2016	306	0.48972
2016	307	0.48834
2016	308	0.48696
2016	309	0.48558
2016	310	0.4842
2016	311	0.48282
2016	312	0.48144
2016	313	0.48006
2016	314	0.47868
2016	315	0.4773
2016	316	0.4709125
2016	317	0.464525
2016	318	0.4581375
2016	319	0.45175
2016	320	0.4453625
2016	321	0.438975
2016	322	0.4325875
2016	323	0.4262
2016	324	0.4198125
2016	325	0.413425
2016	326	0.4070375
2016	327	0.40065
2016	328	0.3942625
2016	329	0.387875
2016	330	0.3814875
2016	331	0.3751
2016	332	0.374491666666667
2016	333	0.373883333333333
2016	334	0.373275
2016	335	0.372666666666667
2016	336	0.372058333333333
2016	337	0.37145
2016	338	0.370841666666667
2016	339	0.370233333333333
2016	340	0.369625
2016	341	0.369016666666667
2016	342	0.368408333333333
2016	343	0.3678
2016	344	0.365045
2016	345	0.36229
2016	346	0.359535
2016	347	0.35678
2016	348	0.354025
2016	349	0.35127
2016	350	0.348515
2016	351	0.34576
2016	352	0.343005
2016	353	0.34025
2016	354	0.337495
2016	355	0.33474
2016	356	0.331985
2016	357	0.32923
2016	358	0.326475
2016	359	0.32372
2016	360	0.320965
2016	361	0.31821
2016	362	0.315455
2016	363	0.3127
2016	364	0.31368125
2016	365	0.3146625
2016	366	0.31564375
2017	1	0.316625
2017	2	0.31760625
2017	3	0.3185875
2017	4	0.31956875
2017	5	0.32055
2017	6	0.32153125
2017	7	0.3225125
2017	8	0.32349375
2017	9	0.324475
2017	10	0.32545625
2017	11	0.3264375
2017	12	0.32741875
2017	13	0.3284
2017	14	0.32938125
2017	15	0.3303625
2017	16	0.33134375
2017	17	0.332325
2017	18	0.33330625
2017	19	0.3342875
2017	20	0.33526875
2017	21	0.33625
2017	22	0.33723125
2017	23	0.3382125
2017	24	0.33919375
2017	25	0.340175
2017	26	0.34115625
2017	27	0.3421375
2017	28	0.34311875
2017	29	0.3441
2017	30	0.341261111111111
2017	31	0.338422222222222
2017	32	0.335583333333333
2017	33	0.332744444444444
2017	34	0.329905555555556
2017	35	0.327066666666667
2017	36	0.324227777777778
2017	37	0.321388888888889
2017	38	0.31855
2017	39	0.315711111111111
2017	40	0.312872222222222
2017	41	0.310033333333333
2017	42	0.307194444444444
2017	43	0.304355555555556
2017	44	0.301516666666667
2017	45	0.298677777777778
2017	46	0.295838888888889
2017	47	0.293
2017	48	0.296878571428571
2017	49	0.300757142857143
2017	50	0.304635714285714
2017	51	0.308514285714286
2017	52	0.312392857142857
2017	53	0.316271428571429
2017	54	0.32015
2017	55	0.324028571428571
2017	56	0.327907142857143
2017	57	0.331785714285714
2017	58	0.335664285714286
2017	59	0.339542857142857
2017	60	0.343421428571429
2017	61	0.3473
2017	62	0.347825
2017	63	0.34835
2017	64	0.348875
2017	65	0.3494
2017	66	0.349925
2017	67	0.35045
2017	68	0.350975
2017	69	0.3515
2017	70	0.352025
2017	71	0.35255
2017	72	0.353075
2017	73	0.3536
2017	74	0.354125
2017	75	0.35465
2017	76	0.355175
2017	77	0.3557
2017	78	0.359857142857143
2017	79	0.364014285714286
2017	80	0.368171428571429
2017	81	0.372328571428571
2017	82	0.376485714285714
2017	83	0.380642857142857
2017	84	0.3848
2017	85	0.388957142857143
2017	86	0.393114285714286
2017	87	0.397271428571429
2017	88	0.401428571428571
2017	89	0.405585714285714
2017	90	0.409742857142857
2017	91	0.4139
2017	92	0.418911111111111
2017	93	0.423922222222222
2017	94	0.428933333333333
2017	95	0.433944444444444
2017	96	0.438955555555556
2017	97	0.443966666666667
2017	98	0.448977777777778
2017	99	0.453988888888889
2017	100	0.459
2017	101	0.464011111111111
2017	102	0.469022222222222
2017	103	0.474033333333333
2017	104	0.479044444444444
2017	105	0.484055555555556
2017	106	0.489066666666667
2017	107	0.494077777777778
2017	108	0.499088888888889
2017	109	0.5041
2017	110	0.50038125
2017	111	0.4966625
2017	112	0.49294375
2017	113	0.489225
2017	114	0.48550625
2017	115	0.4817875
2017	116	0.47806875
2017	117	0.47435
2017	118	0.47063125
2017	119	0.4669125
2017	120	0.46319375
2017	121	0.459475
2017	122	0.45575625
2017	123	0.4520375
2017	124	0.44831875
2017	125	0.4446
2017	126	0.44489375
2017	127	0.4451875
2017	128	0.44548125
2017	129	0.445775
2017	130	0.44606875
2017	131	0.4463625
2017	132	0.44665625
2017	133	0.44695
2017	134	0.44724375
2017	135	0.4475375
2017	136	0.44783125
2017	137	0.448125
2017	138	0.44841875
2017	139	0.4487125
2017	140	0.44900625
2017	141	0.4493
2017	142	0.4576875
2017	143	0.466075
2017	144	0.4744625
2017	145	0.48285
2017	146	0.4912375
2017	147	0.499625
2017	148	0.5080125
2017	149	0.5164
2017	150	0.5247875
2017	151	0.533175
2017	152	0.5415625
2017	153	0.54995
2017	154	0.5583375
2017	155	0.566725
2017	156	0.5751125
2017	157	0.5835
2017	158	0.5749625
2017	159	0.566425
2017	160	0.5578875
2017	161	0.54935
2017	162	0.5408125
2017	163	0.532275
2017	164	0.5237375
2017	165	0.5152
2017	166	0.5066625
2017	167	0.498125
2017	168	0.4895875
2017	169	0.48105
2017	170	0.4725125
2017	171	0.463975
2017	172	0.4554375
2017	173	0.4469
2017	174	0.450927777777778
2017	175	0.454955555555556
2017	176	0.458983333333333
2017	177	0.463011111111111
2017	178	0.467038888888889
2017	179	0.471066666666667
2017	180	0.475094444444444
2017	181	0.479122222222222
2017	182	0.48315
2017	183	0.487177777777778
2017	184	0.491205555555556
2017	185	0.495233333333333
2017	186	0.499261111111111
2017	187	0.503288888888889
2017	188	0.507316666666667
2017	189	0.511344444444444
2017	190	0.515372222222222
2017	191	0.5194
2017	192	0.5124
2017	193	0.5054
2017	194	0.4984
2017	195	0.4914
2017	196	0.4844
2017	197	0.4774
2017	198	0.4704
2017	199	0.4634
2017	200	0.4564
2017	201	0.4494
2017	202	0.4424
2017	203	0.4354
2017	204	0.4284
2017	205	0.4214
2017	206	0.427581818181818
2017	207	0.433763636363636
2017	208	0.439945454545455
2017	209	0.446127272727273
2017	210	0.452309090909091
2017	211	0.458490909090909
2017	212	0.464672727272727
2017	213	0.470854545454545
2017	214	0.477036363636364
2017	215	0.483218181818182
2017	216	0.4894
2017	217	0.487792857142857
2017	218	0.486185714285714
2017	219	0.484578571428571
2017	220	0.482971428571429
2017	221	0.481364285714286
2017	222	0.479757142857143
2017	223	0.47815
2017	224	0.476542857142857
2017	225	0.474935714285714
2017	226	0.473328571428571
2017	227	0.471721428571429
2017	228	0.470114285714286
2017	229	0.468507142857143
2017	230	0.4669
2017	231	0.466573913043478
2017	232	0.466247826086957
2017	233	0.465921739130435
2017	234	0.465595652173913
2017	235	0.465269565217391
2017	236	0.46494347826087
2017	237	0.464617391304348
2017	238	0.464291304347826
2017	239	0.463965217391304
2017	240	0.463639130434783
2017	241	0.463313043478261
2017	242	0.462986956521739
2017	243	0.462660869565217
2017	244	0.462334782608696
2017	245	0.462008695652174
2017	246	0.461682608695652
2017	247	0.46135652173913
2017	248	0.461030434782609
2017	249	0.460704347826087
2017	250	0.460378260869565
2017	251	0.460052173913043
2017	252	0.459726086956522
2017	253	0.4594
2017	254	0.453744444444444
2017	255	0.448088888888889
2017	256	0.442433333333333
2017	257	0.436777777777778
2017	258	0.431122222222222
2017	259	0.425466666666667
2017	260	0.419811111111111
2017	261	0.414155555555556
2017	262	0.4085
2017	263	0.4162
2017	264	0.4239
2017	265	0.4316
2017	266	0.4393
2017	267	0.447
2017	268	0.4547
2017	269	0.4624
2017	270	0.4701
2017	271	0.4778
2017	272	0.4855
2017	273	0.4932
2017	274	0.5009
2017	275	0.5086
2017	276	0.5163
2017	277	0.524
2017	278	0.5317
2017	279	0.5394
2017	280	0.5471
2017	281	0.54612
2017	282	0.54514
2017	283	0.54416
2017	284	0.54318
2017	285	0.5422
2017	286	0.54122
2017	287	0.54024
2017	288	0.53926
2017	289	0.53828
2017	290	0.5373
2017	291	0.52959375
2017	292	0.5218875
2017	293	0.51418125
2017	294	0.506475
2017	295	0.49876875
2017	296	0.4910625
2017	297	0.48335625
2017	298	0.47565
2017	299	0.46794375
2017	300	0.4602375
2017	301	0.45253125
2017	302	0.444825
2017	303	0.43711875
2017	304	0.4294125
2017	305	0.42170625
2017	306	0.414
2017	307	0.410294444444444
2017	308	0.406588888888889
2017	309	0.402883333333333
2017	310	0.399177777777778
2017	311	0.395472222222222
2017	312	0.391766666666667
2017	313	0.388061111111111
2017	314	0.384355555555556
2017	315	0.38065
2017	316	0.376944444444444
2017	317	0.373238888888889
2017	318	0.369533333333333
2017	319	0.365827777777778
2017	320	0.362122222222222
2017	321	0.358416666666667
2017	322	0.354711111111111
2017	323	0.351005555555556
2017	324	0.3473
2017	325	0.348248
2017	326	0.349196
2017	327	0.350144
2017	328	0.351092
2017	329	0.35204
2017	330	0.352988
2017	331	0.353936
2017	332	0.354884
2017	333	0.355832
2017	334	0.35678
2017	335	0.357728
2017	336	0.358676
2017	337	0.359624
2017	338	0.360572
2017	339	0.36152
2017	340	0.362468
2017	341	0.363416
2017	342	0.364364
2017	343	0.365312
2017	344	0.36626
2017	345	0.367208
2017	346	0.368156
2017	347	0.369104
2017	348	0.370052
2017	349	0.371
2017	350	0.369755555555556
2017	351	0.368511111111111
2017	352	0.367266666666667
2017	353	0.366022222222222
2017	354	0.364777777777778
2017	355	0.363533333333333
2017	356	0.362288888888889
2017	357	0.361044444444445
2017	358	0.3598
2017	359	0.359975
2017	360	0.36015
2017	361	0.360325
2017	362	0.3605
2017	363	0.360675
2017	364	0.36085
2017	365	0.361025
2018	1	0.3612
2018	2	0.361375
2018	3	0.36155
2018	4	0.361725
2018	5	0.3619
2018	6	0.358194444444444
2018	7	0.354488888888889
2018	8	0.350783333333333
2018	9	0.347077777777778
2018	10	0.343372222222222
2018	11	0.339666666666667
2018	12	0.335961111111111
2018	13	0.332255555555556
2018	14	0.32855
2018	15	0.324844444444444
2018	16	0.321138888888889
2018	17	0.317433333333333
2018	18	0.313727777777778
2018	19	0.310022222222222
2018	20	0.306316666666667
2018	21	0.302611111111111
2018	22	0.298905555555556
2018	23	0.2952
2018	24	0.296756
2018	25	0.298312
2018	26	0.299868
2018	27	0.301424
2018	28	0.30298
2018	29	0.304536
2018	30	0.306092
2018	31	0.307648
2018	32	0.309204
2018	33	0.31076
2018	34	0.312316
2018	35	0.313872
2018	36	0.315428
2018	37	0.316984
2018	38	0.31854
2018	39	0.320096
2018	40	0.321652
2018	41	0.323208
2018	42	0.324764
2018	43	0.32632
2018	44	0.327876
2018	45	0.329432
2018	46	0.330988
2018	47	0.332544
2018	48	0.3341
2018	49	0.33376875
2018	50	0.3334375
2018	51	0.33310625
2018	52	0.332775
2018	53	0.33244375
2018	54	0.3321125
2018	55	0.33178125
2018	56	0.33145
2018	57	0.33111875
2018	58	0.3307875
2018	59	0.33045625
2018	60	0.330125
2018	61	0.32979375
2018	62	0.3294625
2018	63	0.32913125
2018	64	0.3288
2018	65	0.332714285714286
2018	66	0.336628571428571
2018	67	0.340542857142857
2018	68	0.344457142857143
2018	69	0.348371428571429
2018	70	0.352285714285714
2018	71	0.3562
2018	72	0.36
2018	73	0.3638
2018	74	0.3676
2018	75	0.3714
2018	76	0.3752
2018	77	0.379
2018	78	0.3828
2018	79	0.3866
2018	80	0.3904
2018	81	0.3942
2018	82	0.398
2018	83	0.4018
2018	84	0.4056
2018	85	0.4094
2018	86	0.4132
2018	87	0.417
2018	88	0.4208
2018	89	0.4246
2018	90	0.422925
2018	91	0.42125
2018	92	0.419575
2018	93	0.4179
2018	94	0.416225
2018	95	0.41455
2018	96	0.412875
2018	97	0.4112
2018	98	0.409525
2018	99	0.40785
2018	100	0.406175
2018	101	0.4045
2018	102	0.402825
2018	103	0.40115
2018	104	0.399475
2018	105	0.3978
2018	106	0.402628571428571
2018	107	0.407457142857143
2018	108	0.412285714285714
2018	109	0.417114285714286
2018	110	0.421942857142857
2018	111	0.426771428571429
2018	112	0.4316
2018	113	0.436428571428571
2018	114	0.441257142857143
2018	115	0.446085714285714
2018	116	0.450914285714286
2018	117	0.455742857142857
2018	118	0.460571428571429
2018	119	0.4654
2018	120	0.470228571428571
2018	121	0.475057142857143
2018	122	0.479885714285714
2018	123	0.484714285714286
2018	124	0.489542857142857
2018	125	0.494371428571429
2018	126	0.4992
2018	127	0.51804
2018	128	0.53688
2018	129	0.55572
2018	130	0.57456
2018	131	0.5934
2018	132	0.592253333333333
2018	133	0.591106666666667
2018	134	0.58996
2018	135	0.588813333333333
2018	136	0.587666666666667
2018	137	0.58652
2018	138	0.585373333333333
2018	139	0.584226666666667
2018	140	0.58308
2018	141	0.581933333333333
2018	142	0.580786666666667
2018	143	0.57964
2018	144	0.578493333333333
2018	145	0.577346666666667
2018	146	0.5762
2018	147	0.579239285714286
2018	148	0.582278571428571
2018	149	0.585317857142857
2018	150	0.588357142857143
2018	151	0.591396428571429
2018	152	0.594435714285714
2018	153	0.597475
2018	154	0.600514285714286
2018	155	0.603553571428571
2018	156	0.606592857142857
2018	157	0.609632142857143
2018	158	0.612671428571429
2018	159	0.615710714285714
2018	160	0.61875
2018	161	0.621789285714286
2018	162	0.624828571428572
2018	163	0.627867857142857
2018	164	0.630907142857143
2018	165	0.633946428571429
2018	166	0.636985714285714
2018	167	0.640025
2018	168	0.643064285714286
2018	169	0.646103571428571
2018	170	0.649142857142857
2018	171	0.652182142857143
2018	172	0.655221428571429
2018	173	0.658260714285714
2018	174	0.6613
2018	175	0.657875
2018	176	0.65445
2018	177	0.651025
2018	178	0.6476
2018	179	0.64290625
2018	180	0.6382125
2018	181	0.63351875
2018	182	0.628825
2018	183	0.62413125
2018	184	0.6194375
2018	185	0.61474375
2018	186	0.61005
2018	187	0.60535625
2018	188	0.6006625
2018	189	0.59596875
2018	190	0.591275
2018	191	0.58658125
2018	192	0.5818875
2018	193	0.57719375
2018	194	0.5725
2018	195	0.572430434782609
2018	196	0.572360869565217
2018	197	0.572291304347826
2018	198	0.572221739130435
2018	199	0.572152173913044
2018	200	0.572082608695652
2018	201	0.572013043478261
2018	202	0.57194347826087
2018	203	0.571873913043478
2018	204	0.571804347826087
2018	205	0.571734782608696
2018	206	0.571665217391304
2018	207	0.571595652173913
2018	208	0.571526086956522
2018	209	0.571456521739131
2018	210	0.571386956521739
2018	211	0.571317391304348
2018	212	0.571247826086957
2018	213	0.571178260869565
2018	214	0.571108695652174
2018	215	0.571039130434783
2018	216	0.570969565217391
2018	217	0.5709
2018	218	0.5700125
2018	219	0.569125
2018	220	0.5682375
2018	221	0.56735
2018	222	0.5664625
2018	223	0.565575
2018	224	0.5646875
2018	225	0.5638
2018	226	0.5629125
2018	227	0.562025
2018	228	0.5611375
2018	229	0.56025
2018	230	0.5593625
2018	231	0.558475
2018	232	0.5575875
2018	233	0.5567
2018	234	0.570563636363636
2018	235	0.584427272727273
2018	236	0.598290909090909
2018	237	0.612154545454545
2018	238	0.626018181818182
2018	239	0.639881818181818
2018	240	0.653745454545455
2018	241	0.667609090909091
2018	242	0.681472727272727
2018	243	0.695336363636364
2018	244	0.7092
2018	245	0.705204761904762
2018	246	0.701209523809524
2018	247	0.697214285714286
2018	248	0.693219047619048
2018	249	0.689223809523809
2018	250	0.685228571428572
2018	251	0.681233333333333
2018	252	0.677238095238095
2018	253	0.673242857142857
2018	254	0.669247619047619
2018	255	0.665252380952381
2018	256	0.661257142857143
2018	257	0.657261904761905
2018	258	0.653266666666667
2018	259	0.649271428571429
2018	260	0.645276190476191
2018	261	0.641280952380952
2018	262	0.637285714285714
2018	263	0.633290476190476
2018	264	0.629295238095238
2018	265	0.6253
2018	266	0.620960869565218
2018	267	0.616621739130435
2018	268	0.612282608695652
2018	269	0.60794347826087
2018	270	0.603604347826087
2018	271	0.599265217391304
2018	272	0.594926086956522
2018	273	0.590586956521739
2018	274	0.586247826086957
2018	275	0.581908695652174
2018	276	0.577569565217391
2018	277	0.573230434782609
2018	278	0.568891304347826
2018	279	0.564552173913043
2018	280	0.560213043478261
2018	281	0.555873913043478
2018	282	0.551534782608696
2018	283	0.547195652173913
2018	284	0.54285652173913
2018	285	0.538517391304348
2018	286	0.534178260869565
2018	287	0.529839130434783
2018	288	0.5255
2018	289	0.522721428571429
2018	290	0.519942857142857
2018	291	0.517164285714286
2018	292	0.514385714285714
2018	293	0.511607142857143
2018	294	0.508828571428571
2018	295	0.50605
2018	296	0.503271428571429
2018	297	0.500492857142857
2018	298	0.497714285714286
2018	299	0.494935714285714
2018	300	0.492157142857143
2018	301	0.489378571428571
2018	302	0.4866
2018	303	0.4817
2018	304	0.4768
2018	305	0.4719
2018	306	0.467
2018	307	0.460773684210526
2018	308	0.454547368421053
2018	309	0.448321052631579
2018	310	0.442094736842105
2018	311	0.435868421052632
2018	312	0.429642105263158
2018	313	0.423415789473684
2018	314	0.417189473684211
2018	315	0.410963157894737
2018	316	0.404736842105263
2018	317	0.39851052631579
2018	318	0.392284210526316
2018	319	0.386057894736842
2018	320	0.379831578947368
2018	321	0.373605263157895
2018	322	0.367378947368421
2018	323	0.361152631578947
2018	324	0.354926315789474
2018	325	0.3487
2018	326	0.346633333333333
2018	327	0.344566666666667
2018	328	0.3425
2018	329	0.340433333333333
2018	330	0.338366666666667
2018	331	0.3363
2018	332	0.334233333333333
2018	333	0.332166666666667
2018	334	0.3301
2018	335	0.328033333333333
2018	336	0.325966666666667
2018	337	0.3239
2018	338	0.321833333333333
2018	339	0.319766666666667
2018	340	0.3177
2018	341	0.315633333333333
2018	342	0.313566666666667
2018	343	0.3115
2018	344	0.313463636363636
2018	345	0.315427272727273
2018	346	0.317390909090909
2018	347	0.319354545454545
2018	348	0.321318181818182
2018	349	0.323281818181818
2018	350	0.325245454545455
2018	351	0.327209090909091
2018	352	0.329172727272727
2018	353	0.331136363636364
2018	354	0.3331
2018	355	0.33296875
2018	356	0.3328375
2018	357	0.33270625
2018	358	0.332575
2018	359	0.33244375
2018	360	0.3323125
2018	361	0.33218125
2018	362	0.33205
2018	363	0.33191875
2018	364	0.3317875
2018	365	0.33165625
2019	1	0.331525
2019	2	0.33139375
2019	3	0.3312625
2019	4	0.33113125
2019	5	0.331
2019	6	0.3285
2019	7	0.326
2019	8	0.3235
2019	9	0.321
2019	10	0.3185
2019	11	0.316
2019	12	0.3135
2019	13	0.311
2019	14	0.3085
2019	15	0.306
2019	16	0.3035
2019	17	0.301
2019	18	0.2985
2019	19	0.296
2019	20	0.2935
2019	21	0.291
2019	22	0.293808571428571
2019	23	0.296617142857143
2019	24	0.299425714285714
2019	25	0.302234285714286
2019	26	0.305042857142857
2019	27	0.307851428571429
2019	28	0.31066
2019	29	0.313468571428571
2019	30	0.316277142857143
2019	31	0.319085714285714
2019	32	0.321894285714286
2019	33	0.324702857142857
2019	34	0.327511428571429
2019	35	0.33032
2019	36	0.333128571428571
2019	37	0.335937142857143
2019	38	0.338745714285714
2019	39	0.341554285714286
2019	40	0.344362857142857
2019	41	0.347171428571429
2019	42	0.34998
2019	43	0.352788571428571
2019	44	0.355597142857143
2019	45	0.358405714285714
2019	46	0.361214285714286
2019	47	0.364022857142857
2019	48	0.366831428571429
2019	49	0.36964
2019	50	0.372448571428571
2019	51	0.375257142857143
2019	52	0.378065714285714
2019	53	0.380874285714286
2019	54	0.383682857142857
2019	55	0.386491428571429
2019	56	0.3893
2019	57	0.38511
2019	58	0.38092
2019	59	0.37673
2019	60	0.37254
2019	61	0.36835
2019	62	0.36416
2019	63	0.35997
2019	64	0.35578
2019	65	0.35159
2019	66	0.3474
2019	67	0.34321
2019	68	0.33902
2019	69	0.33483
2019	70	0.33064
2019	71	0.32645
2019	72	0.32226
2019	73	0.31807
2019	74	0.31388
2019	75	0.30969
2019	76	0.3055
2019	77	0.309992857142857
2019	78	0.314485714285714
2019	79	0.318978571428571
2019	80	0.323471428571429
2019	81	0.327964285714286
2019	82	0.332457142857143
2019	83	0.33695
2019	84	0.341442857142857
2019	85	0.345935714285714
2019	86	0.350428571428571
2019	87	0.354921428571429
2019	88	0.359414285714286
2019	89	0.363907142857143
2019	90	0.3684
2019	91	0.373427777777778
2019	92	0.378455555555556
2019	93	0.383483333333333
2019	94	0.388511111111111
2019	95	0.393538888888889
2019	96	0.398566666666667
2019	97	0.403594444444444
2019	98	0.408622222222222
2019	99	0.41365
2019	100	0.418677777777778
2019	101	0.423705555555556
2019	102	0.428733333333333
2019	103	0.433761111111111
2019	104	0.438788888888889
2019	105	0.443816666666667
2019	106	0.448844444444444
2019	107	0.453872222222222
2019	108	0.4589
2019	109	0.472785714285714
2019	110	0.486671428571429
2019	111	0.500557142857143
2019	112	0.514442857142857
2019	113	0.528328571428571
2019	114	0.542214285714286
2019	115	0.5561
2019	116	0.555255555555556
2019	117	0.554411111111111
2019	118	0.553566666666667
2019	119	0.552722222222222
2019	120	0.551877777777778
2019	121	0.551033333333333
2019	122	0.550188888888889
2019	123	0.549344444444444
2019	124	0.5485
2019	125	0.547655555555556
2019	126	0.546811111111111
2019	127	0.545966666666667
2019	128	0.545122222222222
2019	129	0.544277777777778
2019	130	0.543433333333333
2019	131	0.542588888888889
2019	132	0.541744444444444
2019	133	0.5409
2019	134	0.546034615384616
2019	135	0.551169230769231
2019	136	0.556303846153846
2019	137	0.561438461538462
2019	138	0.566573076923077
2019	139	0.571707692307692
2019	140	0.576842307692308
2019	141	0.581976923076923
2019	142	0.587111538461539
2019	143	0.592246153846154
2019	144	0.597380769230769
2019	145	0.602515384615385
2019	146	0.60765
2019	147	0.612784615384615
2019	148	0.617919230769231
2019	149	0.623053846153846
2019	150	0.628188461538462
2019	151	0.633323076923077
2019	152	0.638457692307692
2019	153	0.643592307692308
2019	154	0.648726923076923
2019	155	0.653861538461538
2019	156	0.658996153846154
2019	157	0.664130769230769
2019	158	0.669265384615385
2019	159	0.6744
2019	160	0.665776923076923
2019	161	0.657153846153846
2019	162	0.648530769230769
2019	163	0.639907692307692
2019	164	0.631284615384615
2019	165	0.622661538461538
2019	166	0.614038461538462
2019	167	0.605415384615385
2019	168	0.596792307692308
2019	169	0.588169230769231
2019	170	0.579546153846154
2019	171	0.570923076923077
2019	172	0.5623
2019	173	0.564377777777778
2019	174	0.566455555555556
2019	175	0.568533333333333
2019	176	0.570611111111111
2019	177	0.572688888888889
2019	178	0.574766666666667
2019	179	0.576844444444444
2019	180	0.578922222222222
2019	181	0.581
2019	182	0.583077777777778
2019	183	0.585155555555556
2019	184	0.587233333333333
2019	185	0.589311111111111
2019	186	0.591388888888889
2019	187	0.593466666666667
2019	188	0.595544444444445
2019	189	0.597622222222222
2019	190	0.5997
2019	191	0.5867
2019	192	0.5737
2019	193	0.5607
2019	194	0.559004
2019	195	0.557308
2019	196	0.555612
2019	197	0.553916
2019	198	0.55222
2019	199	0.550524
2019	200	0.548828
2019	201	0.547132
2019	202	0.545436
2019	203	0.54374
2019	204	0.542044
2019	205	0.540348
2019	206	0.538652
2019	207	0.536956
2019	208	0.53526
2019	209	0.533564
2019	210	0.531868
2019	211	0.530172
2019	212	0.528476
2019	213	0.52678
2019	214	0.525084
2019	215	0.523388
2019	216	0.521692
2019	217	0.519996
2019	218	0.5183
2019	219	0.52395
2019	220	0.5296
2019	221	0.53525
2019	222	0.5409
2019	223	0.54655
2019	224	0.5522
2019	225	0.55785
2019	226	0.5635
2019	227	0.56915
2019	228	0.5748
2019	229	0.58045
2019	230	0.5861
2019	231	0.59175
2019	232	0.5974
2019	233	0.59684
2019	234	0.59628
2019	235	0.59572
2019	236	0.59516
2019	237	0.5946
2019	238	0.59404
2019	239	0.59348
2019	240	0.59292
2019	241	0.59236
2019	242	0.5918
2019	243	0.59124
2019	244	0.59068
2019	245	0.59012
2019	246	0.58956
2019	247	0.589
2019	248	0.58844
2019	249	0.58788
2019	250	0.58732
2019	251	0.58676
2019	252	0.5862
2019	253	0.590925
2019	254	0.59565
2019	255	0.600375
2019	256	0.6051
2019	257	0.609825
2019	258	0.61455
2019	259	0.619275
2019	260	0.624
2019	261	0.628725
2019	262	0.63345
2019	263	0.638175
2019	264	0.6429
2019	265	0.647625
2019	266	0.65235
2019	267	0.657075
2019	268	0.6618
2019	269	0.65914375
2019	270	0.6564875
2019	271	0.65383125
2019	272	0.651175
2019	273	0.64851875
2019	274	0.6458625
2019	275	0.64320625
2019	276	0.64055
2019	277	0.63789375
2019	278	0.6352375
2019	279	0.63258125
2019	280	0.629925
2019	281	0.62726875
2019	282	0.6246125
2019	283	0.62195625
2019	284	0.6193
2019	285	0.60838125
2019	286	0.5974625
2019	287	0.58654375
2019	288	0.575625
2019	289	0.56470625
2019	290	0.5537875
2019	291	0.54286875
2019	292	0.53195
2019	293	0.52103125
2019	294	0.5101125
2019	295	0.49919375
2019	296	0.488275
2019	297	0.47735625
2019	298	0.4664375
2019	299	0.45551875
2019	300	0.4446
2019	301	0.433628571428571
2019	302	0.422657142857143
2019	303	0.411685714285714
2019	304	0.400714285714286
2019	305	0.389742857142857
2019	306	0.378771428571429
2019	307	0.3678
2019	308	0.363875
2019	309	0.35995
2019	310	0.356025
2019	311	0.3521
2019	312	0.348175
2019	313	0.34425
2019	314	0.340325
2019	315	0.3364
2019	316	0.332475
2019	317	0.32855
2019	318	0.324625
2019	319	0.3207
2019	320	0.316775
2019	321	0.31285
2019	322	0.308925
2019	323	0.305
2019	324	0.30330625
2019	325	0.3016125
2019	326	0.29991875
2019	327	0.298225
2019	328	0.29653125
2019	329	0.2948375
2019	330	0.29314375
2019	331	0.29145
2019	332	0.28975625
2019	333	0.2880625
2019	334	0.28636875
2019	335	0.284675
2019	336	0.28298125
2019	337	0.2812875
2019	338	0.27959375
2019	339	0.2779
2019	340	0.282376
2019	341	0.286852
2019	342	0.291328
2019	343	0.295804
2019	344	0.30028
2019	345	0.304756
2019	346	0.309232
2019	347	0.313708
2019	348	0.318184
2019	349	0.32266
2019	350	0.327136
2019	351	0.331612
2019	352	0.336088
2019	353	0.340564
2019	354	0.34504
2019	355	0.349516
2019	356	0.353992
2019	357	0.358468
2019	358	0.362944
2019	359	0.36742
2019	360	0.371896
2019	361	0.376372
2019	362	0.380848
2019	363	0.385324
2019	364	0.3898
2019	365	0.377085714285714
2020	1	0.364371428571429
2020	2	0.351657142857143
2020	3	0.338942857142857
2020	4	0.326228571428571
2020	5	0.313514285714286
2020	6	0.3008
2020	7	0.30406
2020	8	0.30732
2020	9	0.31058
2020	10	0.31384
2020	11	0.3171
2020	12	0.32036
2020	13	0.32362
2020	14	0.32688
2020	15	0.33014
2020	16	0.3334
2020	17	0.33666
2020	18	0.33992
2020	19	0.34318
2020	20	0.34644
2020	21	0.3497
2020	22	0.35296
2020	23	0.35622
2020	24	0.35948
2020	25	0.36274
2020	26	0.366
2020	27	0.36926
2020	28	0.37252
2020	29	0.37578
2020	30	0.37904
2020	31	0.3823
2020	32	0.3658
2020	33	0.3493
2020	34	0.35045
2020	35	0.3516
2020	36	0.35275
2020	37	0.3539
2020	38	0.35505
2020	39	0.3562
2020	40	0.35735
2020	41	0.3585
2020	42	0.35965
2020	43	0.3608
2020	44	0.36195
2020	45	0.3631
2020	46	0.36425
2020	47	0.3654
2020	48	0.36655
2020	49	0.3677
2020	50	0.36885
2020	51	0.37
2020	52	0.37115
2020	53	0.3723
2020	54	0.37345
2020	55	0.3746
2020	56	0.37575
2020	57	0.3769
2020	58	0.37805
2020	59	0.3792
2020	60	0.38035
2020	61	0.3815
2020	62	0.385
2020	63	0.3885
2020	64	0.392
2020	65	0.3955
2020	66	0.399
2020	67	0.4025
2020	68	0.406
2020	69	0.4095
2020	70	0.413
2020	71	0.4165
2020	72	0.42
2020	73	0.4235
2020	74	0.427
2020	75	0.4305
2020	76	0.434
2020	77	0.4375
2020	78	0.441
2020	79	0.4445
2020	80	0.445877777777778
2020	81	0.447255555555556
2020	82	0.448633333333333
2020	83	0.450011111111111
2020	84	0.451388888888889
2020	85	0.452766666666667
2020	86	0.454144444444444
2020	87	0.455522222222222
2020	88	0.4569
2020	89	0.457452173913044
2020	90	0.458004347826087
2020	91	0.45855652173913
2020	92	0.459108695652174
2020	93	0.459660869565217
2020	94	0.460213043478261
2020	95	0.460765217391304
2020	96	0.461317391304348
2020	97	0.461869565217391
2020	98	0.462421739130435
2020	99	0.462973913043478
2020	100	0.463526086956522
2020	101	0.464078260869565
2020	102	0.464630434782609
2020	103	0.465182608695652
2020	104	0.465734782608696
2020	105	0.466286956521739
2020	106	0.466839130434783
2020	107	0.467391304347826
2020	108	0.46794347826087
2020	109	0.468495652173913
2020	110	0.469047826086956
2020	111	0.4696
2020	112	0.47794375
2020	113	0.4862875
2020	114	0.49463125
2020	115	0.502975
2020	116	0.51131875
2020	117	0.5196625
2020	118	0.52800625
2020	119	0.53635
2020	120	0.54469375
2020	121	0.5530375
2020	122	0.56138125
2020	123	0.569725
2020	124	0.57806875
2020	125	0.5864125
2020	126	0.59475625
2020	127	0.6031
2020	128	0.614733333333333
2020	129	0.626366666666667
2020	130	0.638
2020	131	0.63662
2020	132	0.63524
2020	133	0.63386
2020	134	0.63248
2020	135	0.6311
2020	136	0.62972
2020	137	0.62834
2020	138	0.62696
2020	139	0.62558
2020	140	0.6242
2020	141	0.62282
2020	142	0.62144
2020	143	0.62006
2020	144	0.61868
2020	145	0.6173
2020	146	0.61592
2020	147	0.61454
2020	148	0.61316
2020	149	0.61178
2020	150	0.6104
2020	151	0.6087
2020	152	0.607
2020	153	0.6053
2020	154	0.6036
2020	155	0.6019
2020	156	0.6002
2020	157	0.5985
2020	158	0.5968
2020	159	0.5951
2020	160	0.5934
2020	161	0.5917
2020	162	0.59
2020	163	0.5883
2020	164	0.5866
2020	165	0.5849
2020	166	0.5832
2020	167	0.587527272727273
2020	168	0.591854545454545
2020	169	0.596181818181818
2020	170	0.600509090909091
2020	171	0.604836363636364
2020	172	0.609163636363636
2020	173	0.613490909090909
2020	174	0.617818181818182
2020	175	0.622145454545455
2020	176	0.626472727272727
2020	177	0.6308
2020	178	0.63176
2020	179	0.63272
2020	180	0.63368
2020	181	0.63464
2020	182	0.6356
2020	183	0.63656
2020	184	0.63752
2020	185	0.63848
2020	186	0.63944
2020	187	0.6404
2020	188	0.64136
2020	189	0.64232
2020	190	0.64328
2020	191	0.64424
2020	192	0.6452
2020	193	0.64616
2020	194	0.64712
2020	195	0.64808
2020	196	0.64904
2020	197	0.65
2020	198	0.65096
2020	199	0.65192
2020	200	0.65288
2020	201	0.65384
2020	202	0.6548
2020	203	0.65831
2020	204	0.66182
2020	205	0.66533
2020	206	0.66884
2020	207	0.67235
2020	208	0.67586
2020	209	0.67937
2020	210	0.68288
2020	211	0.68639
2020	212	0.6899
2020	213	0.685116
2020	214	0.680332
2020	215	0.675548
2020	216	0.670764
2020	217	0.66598
2020	218	0.661196
2020	219	0.656412
2020	220	0.651628
2020	221	0.646844
2020	222	0.64206
2020	223	0.637276
2020	224	0.632492
2020	225	0.627708
2020	226	0.622924
2020	227	0.61814
2020	228	0.613356
2020	229	0.608572
2020	230	0.603788
2020	231	0.599004
2020	232	0.59422
2020	233	0.589436
2020	234	0.584652
2020	235	0.579868
2020	236	0.575084
2020	237	0.5703
2020	238	0.573623076923077
2020	239	0.576946153846154
2020	240	0.580269230769231
2020	241	0.583592307692308
2020	242	0.586915384615385
2020	243	0.590238461538462
2020	244	0.593561538461538
2020	245	0.596884615384615
2020	246	0.600207692307692
2020	247	0.603530769230769
2020	248	0.606853846153846
2020	249	0.610176923076923
2020	250	0.6135
2020	251	0.60892
2020	252	0.60434
2020	253	0.59976
2020	254	0.59518
2020	255	0.5906
2020	256	0.58602
2020	257	0.58144
2020	258	0.57686
2020	259	0.57228
2020	260	0.5677
2020	261	0.56505
2020	262	0.5624
2020	263	0.55975
2020	264	0.5571
2020	265	0.55445
2020	266	0.5518
2020	267	0.54915
2020	268	0.5465
2020	269	0.54385
2020	270	0.5412
2020	271	0.53855
2020	272	0.5359
2020	273	0.53325
2020	274	0.5306
2020	275	0.52795
2020	276	0.5253
2020	277	0.52265
2020	278	0.52
2020	279	0.515705555555556
2020	280	0.511411111111111
2020	281	0.507116666666667
2020	282	0.502822222222222
2020	283	0.498527777777778
2020	284	0.494233333333333
2020	285	0.489938888888889
2020	286	0.485644444444444
2020	287	0.48135
2020	288	0.477055555555556
2020	289	0.472761111111111
2020	290	0.468466666666667
2020	291	0.464172222222222
2020	292	0.459877777777778
2020	293	0.455583333333333
2020	294	0.451288888888889
2020	295	0.446994444444444
2020	296	0.4427
2020	297	0.439542857142857
2020	298	0.436385714285714
2020	299	0.433228571428571
2020	300	0.430071428571429
2020	301	0.426914285714286
2020	302	0.423757142857143
2020	303	0.4206
2020	304	0.417442857142857
2020	305	0.414285714285714
2020	306	0.411128571428571
2020	307	0.407971428571429
2020	308	0.404814285714286
2020	309	0.401657142857143
2020	310	0.3985
2020	311	0.39786
2020	312	0.39722
2020	313	0.39658
2020	314	0.39594
2020	315	0.3953
2020	316	0.39466
2020	317	0.39402
2020	318	0.39338
2020	319	0.39274
2020	320	0.3921
2020	321	0.39146
2020	322	0.39082
2020	323	0.39018
2020	324	0.38954
2020	325	0.3889
2020	326	0.38826
2020	327	0.38762
2020	328	0.38698
2020	329	0.38634
2020	330	0.3857
2020	331	0.38506
2020	332	0.38442
2020	333	0.38378
2020	334	0.38314
2020	335	0.3825
2020	336	0.383642857142857
2020	337	0.384785714285714
2020	338	0.385928571428571
2020	339	0.387071428571429
2020	340	0.388214285714286
2020	341	0.389357142857143
2020	342	0.3905
2020	343	0.38634375
2020	344	0.3821875
2020	345	0.37803125
2020	346	0.373875
2020	347	0.36971875
2020	348	0.3655625
2020	349	0.36140625
2020	350	0.35725
2020	351	0.35309375
2020	352	0.3489375
2020	353	0.34478125
2020	354	0.340625
2020	355	0.33646875
2020	356	0.3323125
2020	357	0.32815625
2020	358	0.324
2020	359	0.328518181818182
2020	360	0.333036363636364
2020	361	0.337554545454545
2020	362	0.342072727272727
2020	363	0.346590909090909
2020	364	0.351109090909091
2020	365	0.355627272727273
2020	366	0.360145454545455
