2016	1	-9999
2016	2	-9999
2016	3	-9999
2016	4	-9999
2016	5	-9999
2016	6	-9999
2016	7	-9999
2016	8	-9999
2016	9	-9999
2016	10	-9999
2016	11	-9999
2016	12	-9999
2016	13	-9999
2016	14	-9999
2016	15	-9999
2016	16	-9999
2016	17	-9999
2016	18	-9999
2016	19	-9999
2016	20	-9999
2016	21	-9999
2016	22	-9999
2016	23	-9999
2016	24	-9999
2016	25	-9999
2016	26	-9999
2016	27	-9999
2016	28	-9999
2016	29	-9999
2016	30	-9999
2016	31	-9999
2016	32	-9999
2016	33	-9999
2016	34	-9999
2016	35	-9999
2016	36	-9999
2016	37	-9999
2016	38	-9999
2016	39	-9999
2016	40	-9999
2016	41	-9999
2016	42	-9999
2016	43	-9999
2016	44	-9999
2016	45	-9999
2016	46	-9999
2016	47	-9999
2016	48	0.1968
2016	49	0.197375
2016	50	0.19795
2016	51	0.198525
2016	52	0.1991
2016	53	0.199675
2016	54	0.20025
2016	55	0.200825
2016	56	0.2014
2016	57	0.201975
2016	58	0.20255
2016	59	0.203125
2016	60	0.2037
2016	61	0.204275
2016	62	0.20485
2016	63	0.205425
2016	64	0.206
2016	65	0.207942857142857
2016	66	0.209885714285714
2016	67	0.211828571428571
2016	68	0.213771428571429
2016	69	0.215714285714286
2016	70	0.217657142857143
2016	71	0.2196
2016	72	0.2197125
2016	73	0.219825
2016	74	0.2199375
2016	75	0.22005
2016	76	0.2201625
2016	77	0.220275
2016	78	0.2203875
2016	79	0.2205
2016	80	0.2206125
2016	81	0.220725
2016	82	0.2208375
2016	83	0.22095
2016	84	0.2210625
2016	85	0.221175
2016	86	0.2212875
2016	87	0.2214
2016	88	0.22618125
2016	89	0.2309625
2016	90	0.23574375
2016	91	0.240525
2016	92	0.24530625
2016	93	0.2500875
2016	94	0.25486875
2016	95	0.25965
2016	96	0.26443125
2016	97	0.2692125
2016	98	0.27399375
2016	99	0.278775
2016	100	0.28355625
2016	101	0.2883375
2016	102	0.29311875
2016	103	0.2979
2016	104	0.298839130434783
2016	105	0.299778260869565
2016	106	0.300717391304348
2016	107	0.30165652173913
2016	108	0.302595652173913
2016	109	0.303534782608696
2016	110	0.304473913043478
2016	111	0.305413043478261
2016	112	0.306352173913043
2016	113	0.307291304347826
2016	114	0.308230434782609
2016	115	0.309169565217391
2016	116	0.310108695652174
2016	117	0.311047826086957
2016	118	0.311986956521739
2016	119	0.312926086956522
2016	120	0.313865217391304
2016	121	0.314804347826087
2016	122	0.31574347826087
2016	123	0.316682608695652
2016	124	0.317621739130435
2016	125	0.318560869565217
2016	126	0.3195
2016	127	0.323411111111111
2016	128	0.327322222222222
2016	129	0.331233333333333
2016	130	0.335144444444444
2016	131	0.339055555555556
2016	132	0.342966666666667
2016	133	0.346877777777778
2016	134	0.350788888888889
2016	135	0.3547
2016	136	0.3619
2016	137	0.3691
2016	138	0.3763
2016	139	0.3835
2016	140	0.3907
2016	141	0.3979
2016	142	0.4051
2016	143	0.4123
2016	144	0.4195
2016	145	0.4267
2016	146	0.4339
2016	147	0.4411
2016	148	0.4483
2016	149	0.4555
2016	150	0.4627
2016	151	0.4699
2016	152	0.474625
2016	153	0.47935
2016	154	0.484075
2016	155	0.4888
2016	156	0.493525
2016	157	0.49825
2016	158	0.502975
2016	159	0.5077
2016	160	0.512425
2016	161	0.51715
2016	162	0.521875
2016	163	0.5266
2016	164	0.531325
2016	165	0.53605
2016	166	0.540775
2016	167	0.5455
2016	168	0.551035714285714
2016	169	0.556571428571429
2016	170	0.562107142857143
2016	171	0.567642857142857
2016	172	0.573178571428571
2016	173	0.578714285714286
2016	174	0.58425
2016	175	0.589785714285714
2016	176	0.595321428571429
2016	177	0.600857142857143
2016	178	0.606392857142857
2016	179	0.611928571428571
2016	180	0.617464285714286
2016	181	0.623
2016	182	0.621165
2016	183	0.61933
2016	184	0.617495
2016	185	0.61566
2016	186	0.613825
2016	187	0.61199
2016	188	0.610155
2016	189	0.60832
2016	190	0.606485
2016	191	0.60465
2016	192	0.602815
2016	193	0.60098
2016	194	0.599145
2016	195	0.59731
2016	196	0.595475
2016	197	0.59364
2016	198	0.591805
2016	199	0.58997
2016	200	0.588135
2016	201	0.5863
2016	202	0.586980952380952
2016	203	0.587661904761905
2016	204	0.588342857142857
2016	205	0.58902380952381
2016	206	0.589704761904762
2016	207	0.590385714285714
2016	208	0.591066666666667
2016	209	0.591747619047619
2016	210	0.592428571428572
2016	211	0.593109523809524
2016	212	0.593790476190476
2016	213	0.594471428571429
2016	214	0.595152380952381
2016	215	0.595833333333333
2016	216	0.596514285714286
2016	217	0.597195238095238
2016	218	0.59787619047619
2016	219	0.598557142857143
2016	220	0.599238095238095
2016	221	0.599919047619048
2016	222	0.6006
2016	223	0.5897
2016	224	0.5788
2016	225	0.5679
2016	226	0.557
2016	227	0.5461
2016	228	0.5352
2016	229	0.5243
2016	230	0.5134
2016	231	0.5025
2016	232	0.504395652173913
2016	233	0.506291304347826
2016	234	0.508186956521739
2016	235	0.510082608695652
2016	236	0.511978260869565
2016	237	0.513873913043478
2016	238	0.515769565217391
2016	239	0.517665217391304
2016	240	0.519560869565217
2016	241	0.52145652173913
2016	242	0.523352173913044
2016	243	0.525247826086957
2016	244	0.52714347826087
2016	245	0.529039130434783
2016	246	0.530934782608696
2016	247	0.532830434782609
2016	248	0.534726086956522
2016	249	0.536621739130435
2016	250	0.538517391304348
2016	251	0.540413043478261
2016	252	0.542308695652174
2016	253	0.544204347826087
2016	254	0.5461
2016	255	0.5336
2016	256	0.5211
2016	257	0.5086
2016	258	0.4961
2016	259	0.4836
2016	260	0.4711
2016	261	0.4586
2016	262	0.4461
2016	263	0.4336
2016	264	0.4332875
2016	265	0.432975
2016	266	0.4326625
2016	267	0.43235
2016	268	0.4320375
2016	269	0.431725
2016	270	0.4314125
2016	271	0.4311
2016	272	0.4307875
2016	273	0.430475
2016	274	0.4301625
2016	275	0.42985
2016	276	0.4295375
2016	277	0.429225
2016	278	0.4289125
2016	279	0.4286
2016	280	0.421127777777778
2016	281	0.413655555555556
2016	282	0.406183333333333
2016	283	0.398711111111111
2016	284	0.391238888888889
2016	285	0.383766666666667
2016	286	0.376294444444444
2016	287	0.368822222222222
2016	288	0.36135
2016	289	0.353877777777778
2016	290	0.346405555555556
2016	291	0.338933333333333
2016	292	0.331461111111111
2016	293	0.323988888888889
2016	294	0.316516666666667
2016	295	0.309044444444444
2016	296	0.301572222222222
2016	297	0.2941
2016	298	0.29405652173913
2016	299	0.294013043478261
2016	300	0.293969565217391
2016	301	0.293926086956522
2016	302	0.293882608695652
2016	303	0.293839130434783
2016	304	0.293795652173913
2016	305	0.293752173913044
2016	306	0.293708695652174
2016	307	0.293665217391304
2016	308	0.293621739130435
2016	309	0.293578260869565
2016	310	0.293534782608696
2016	311	0.293491304347826
2016	312	0.293447826086957
2016	313	0.293404347826087
2016	314	0.293360869565217
2016	315	0.293317391304348
2016	316	0.293273913043478
2016	317	0.293230434782609
2016	318	0.293186956521739
2016	319	0.29314347826087
2016	320	0.2931
2016	321	0.291233333333333
2016	322	0.289366666666667
2016	323	0.2875
2016	324	0.285633333333333
2016	325	0.283766666666667
2016	326	0.2819
2016	327	0.280033333333333
2016	328	0.278166666666667
2016	329	0.2763
2016	330	0.276985714285714
2016	331	0.277671428571429
2016	332	0.278357142857143
2016	333	0.279042857142857
2016	334	0.279728571428571
2016	335	0.280414285714286
2016	336	0.2811
2016	337	0.281785714285714
2016	338	0.282471428571429
2016	339	0.283157142857143
2016	340	0.283842857142857
2016	341	0.284528571428571
2016	342	0.285214285714286
2016	343	0.2859
2016	344	0.285069565217391
2016	345	0.284239130434783
2016	346	0.283408695652174
2016	347	0.282578260869565
2016	348	0.281747826086957
2016	349	0.280917391304348
2016	350	0.280086956521739
2016	351	0.27925652173913
2016	352	0.278426086956522
2016	353	0.277595652173913
2016	354	0.276765217391304
2016	355	0.275934782608696
2016	356	0.275104347826087
2016	357	0.274273913043478
2016	358	0.27344347826087
2016	359	0.272613043478261
2016	360	0.271782608695652
2016	361	0.270952173913043
2016	362	0.270121739130435
2016	363	0.269291304347826
2016	364	0.268460869565217
2016	365	0.267630434782609
2016	366	0.2668
2017	1	0.267871428571429
2017	2	0.268942857142857
2017	3	0.270014285714286
2017	4	0.271085714285714
2017	5	0.272157142857143
2017	6	0.273228571428571
2017	7	0.2743
2017	8	0.275371428571429
2017	9	0.276442857142857
2017	10	0.277514285714286
2017	11	0.278585714285714
2017	12	0.279657142857143
2017	13	0.280728571428571
2017	14	0.2818
2017	15	0.27555
2017	16	0.2693
2017	17	0.26305
2017	18	0.2568
2017	19	0.256386666666667
2017	20	0.255973333333333
2017	21	0.25556
2017	22	0.255146666666667
2017	23	0.254733333333333
2017	24	0.25432
2017	25	0.253906666666667
2017	26	0.253493333333333
2017	27	0.25308
2017	28	0.252666666666667
2017	29	0.252253333333333
2017	30	0.25184
2017	31	0.251426666666667
2017	32	0.251013333333333
2017	33	0.2506
2017	34	0.250186666666667
2017	35	0.249773333333333
2017	36	0.24936
2017	37	0.248946666666667
2017	38	0.248533333333333
2017	39	0.24812
2017	40	0.247706666666667
2017	41	0.247293333333333
2017	42	0.24688
2017	43	0.246466666666667
2017	44	0.246053333333333
2017	45	0.24564
2017	46	0.245226666666667
2017	47	0.244813333333333
2017	48	0.2444
2017	49	0.238525
2017	50	0.23265
2017	51	0.226775
2017	52	0.2209
2017	53	0.221014285714286
2017	54	0.221128571428571
2017	55	0.221242857142857
2017	56	0.221357142857143
2017	57	0.221471428571429
2017	58	0.221585714285714
2017	59	0.2217
2017	60	0.221814285714286
2017	61	0.221928571428571
2017	62	0.222042857142857
2017	63	0.222157142857143
2017	64	0.222271428571429
2017	65	0.222385714285714
2017	66	0.2225
2017	67	0.223217391304348
2017	68	0.223934782608696
2017	69	0.224652173913043
2017	70	0.225369565217391
2017	71	0.226086956521739
2017	72	0.226804347826087
2017	73	0.227521739130435
2017	74	0.228239130434783
2017	75	0.22895652173913
2017	76	0.229673913043478
2017	77	0.230391304347826
2017	78	0.231108695652174
2017	79	0.231826086956522
2017	80	0.23254347826087
2017	81	0.233260869565217
2017	82	0.233978260869565
2017	83	0.234695652173913
2017	84	0.235413043478261
2017	85	0.236130434782609
2017	86	0.236847826086957
2017	87	0.237565217391304
2017	88	0.238282608695652
2017	89	0.239
2017	90	0.2420625
2017	91	0.245125
2017	92	0.2481875
2017	93	0.25125
2017	94	0.2543125
2017	95	0.257375
2017	96	0.2604375
2017	97	0.2635
2017	98	0.2665625
2017	99	0.269625
2017	100	0.2726875
2017	101	0.27575
2017	102	0.2788125
2017	103	0.281875
2017	104	0.2849375
2017	105	0.288
2017	106	0.289090476190476
2017	107	0.290180952380952
2017	108	0.291271428571429
2017	109	0.292361904761905
2017	110	0.293452380952381
2017	111	0.294542857142857
2017	112	0.295633333333333
2017	113	0.29672380952381
2017	114	0.297814285714286
2017	115	0.298904761904762
2017	116	0.299995238095238
2017	117	0.301085714285714
2017	118	0.30217619047619
2017	119	0.303266666666667
2017	120	0.304357142857143
2017	121	0.305447619047619
2017	122	0.306538095238095
2017	123	0.307628571428571
2017	124	0.308719047619048
2017	125	0.309809523809524
2017	126	0.3109
2017	127	0.316688888888889
2017	128	0.322477777777778
2017	129	0.328266666666667
2017	130	0.334055555555556
2017	131	0.339844444444444
2017	132	0.345633333333333
2017	133	0.351422222222222
2017	134	0.357211111111111
2017	135	0.363
2017	136	0.368788888888889
2017	137	0.374577777777778
2017	138	0.380366666666667
2017	139	0.386155555555556
2017	140	0.391944444444444
2017	141	0.397733333333333
2017	142	0.403522222222222
2017	143	0.409311111111111
2017	144	0.4151
2017	145	0.419111111111111
2017	146	0.423122222222222
2017	147	0.427133333333333
2017	148	0.431144444444444
2017	149	0.435155555555556
2017	150	0.439166666666667
2017	151	0.443177777777778
2017	152	0.447188888888889
2017	153	0.4512
2017	154	0.451934782608696
2017	155	0.452669565217391
2017	156	0.453404347826087
2017	157	0.454139130434783
2017	158	0.454873913043478
2017	159	0.455608695652174
2017	160	0.45634347826087
2017	161	0.457078260869565
2017	162	0.457813043478261
2017	163	0.458547826086957
2017	164	0.459282608695652
2017	165	0.460017391304348
2017	166	0.460752173913044
2017	167	0.461486956521739
2017	168	0.462221739130435
2017	169	0.46295652173913
2017	170	0.463691304347826
2017	171	0.464426086956522
2017	172	0.465160869565217
2017	173	0.465895652173913
2017	174	0.466630434782609
2017	175	0.467365217391304
2017	176	0.4681
2017	177	0.468733333333333
2017	178	0.469366666666667
2017	179	0.47
2017	180	0.470633333333333
2017	181	0.471266666666667
2017	182	0.4719
2017	183	0.472533333333333
2017	184	0.473166666666667
2017	185	0.4738
2017	186	0.476266666666667
2017	187	0.478733333333333
2017	188	0.4812
2017	189	0.483666666666667
2017	190	0.486133333333333
2017	191	0.4886
2017	192	0.491066666666667
2017	193	0.493533333333333
2017	194	0.496
2017	195	0.500148275862069
2017	196	0.504296551724138
2017	197	0.508444827586207
2017	198	0.512593103448276
2017	199	0.516741379310345
2017	200	0.520889655172414
2017	201	0.525037931034483
2017	202	0.529186206896552
2017	203	0.533334482758621
2017	204	0.53748275862069
2017	205	0.541631034482759
2017	206	0.545779310344828
2017	207	0.549927586206897
2017	208	0.554075862068966
2017	209	0.558224137931035
2017	210	0.562372413793104
2017	211	0.566520689655172
2017	212	0.570668965517241
2017	213	0.57481724137931
2017	214	0.578965517241379
2017	215	0.583113793103448
2017	216	0.587262068965517
2017	217	0.591410344827586
2017	218	0.595558620689655
2017	219	0.599706896551724
2017	220	0.603855172413793
2017	221	0.608003448275862
2017	222	0.612151724137931
2017	223	0.6163
2017	224	0.614
2017	225	0.6117
2017	226	0.6094
2017	227	0.6071
2017	228	0.6048
2017	229	0.6025
2017	230	0.6002
2017	231	0.5979
2017	232	0.5956
2017	233	0.5933
2017	234	0.591
2017	235	0.5887
2017	236	0.584052380952381
2017	237	0.579404761904762
2017	238	0.574757142857143
2017	239	0.570109523809524
2017	240	0.565461904761905
2017	241	0.560814285714286
2017	242	0.556166666666667
2017	243	0.551519047619048
2017	244	0.546871428571429
2017	245	0.54222380952381
2017	246	0.53757619047619
2017	247	0.532928571428571
2017	248	0.528280952380952
2017	249	0.523633333333333
2017	250	0.518985714285714
2017	251	0.514338095238095
2017	252	0.509690476190476
2017	253	0.505042857142857
2017	254	0.500395238095238
2017	255	0.495747619047619
2017	256	0.4911
2017	257	0.491228571428572
2017	258	0.491357142857143
2017	259	0.491485714285714
2017	260	0.491614285714286
2017	261	0.491742857142857
2017	262	0.491871428571429
2017	263	0.492
2017	264	0.485346153846154
2017	265	0.478692307692308
2017	266	0.472038461538462
2017	267	0.465384615384615
2017	268	0.458730769230769
2017	269	0.452076923076923
2017	270	0.445423076923077
2017	271	0.438769230769231
2017	272	0.432115384615385
2017	273	0.425461538461539
2017	274	0.418807692307692
2017	275	0.412153846153846
2017	276	0.4055
2017	277	0.39935
2017	278	0.3932
2017	279	0.38705
2017	280	0.3809
2017	281	0.37475
2017	282	0.3686
2017	283	0.36245
2017	284	0.3563
2017	285	0.35015
2017	286	0.344
2017	287	0.33785
2017	288	0.3317
2017	289	0.32555
2017	290	0.3194
2017	291	0.317906666666667
2017	292	0.316413333333333
2017	293	0.31492
2017	294	0.313426666666667
2017	295	0.311933333333333
2017	296	0.31044
2017	297	0.308946666666667
2017	298	0.307453333333333
2017	299	0.30596
2017	300	0.304466666666667
2017	301	0.302973333333333
2017	302	0.30148
2017	303	0.299986666666667
2017	304	0.298493333333333
2017	305	0.297
2017	306	0.295506666666667
2017	307	0.294013333333333
2017	308	0.29252
2017	309	0.291026666666667
2017	310	0.289533333333333
2017	311	0.28804
2017	312	0.286546666666667
2017	313	0.285053333333333
2017	314	0.28356
2017	315	0.282066666666667
2017	316	0.280573333333333
2017	317	0.27908
2017	318	0.277586666666667
2017	319	0.276093333333333
2017	320	0.2746
2017	321	0.29175
2017	322	0.3089
2017	323	0.30684
2017	324	0.30478
2017	325	0.30272
2017	326	0.30066
2017	327	0.2986
2017	328	0.29654
2017	329	0.29448
2017	330	0.29242
2017	331	0.29036
2017	332	0.2883
2017	333	0.28624
2017	334	0.28418
2017	335	0.28212
2017	336	0.28006
2017	337	0.278
2017	338	0.27594
2017	339	0.27388
2017	340	0.27182
2017	341	0.26976
2017	342	0.2677
2017	343	0.26564
2017	344	0.26358
2017	345	0.26152
2017	346	0.25946
2017	347	0.2574
2017	348	0.258814285714286
2017	349	0.260228571428571
2017	350	0.261642857142857
2017	351	0.263057142857143
2017	352	0.264471428571429
2017	353	0.265885714285714
2017	354	0.2673
2017	355	0.266479166666667
2017	356	0.265658333333333
2017	357	0.2648375
2017	358	0.264016666666667
2017	359	0.263195833333333
2017	360	0.262375
2017	361	0.261554166666667
2017	362	0.260733333333333
2017	363	0.2599125
2017	364	0.259091666666667
2017	365	0.258270833333333
2018	1	0.25745
2018	2	0.256629166666667
2018	3	0.255808333333333
2018	4	0.2549875
2018	5	0.254166666666667
2018	6	0.253345833333333
2018	7	0.252525
2018	8	0.251704166666667
2018	9	0.250883333333333
2018	10	0.2500625
2018	11	0.249241666666667
2018	12	0.248420833333333
2018	13	0.2476
2018	14	0.246779166666667
2018	15	0.245958333333333
2018	16	0.2451375
2018	17	0.244316666666667
2018	18	0.243495833333333
2018	19	0.242675
2018	20	0.241854166666667
2018	21	0.241033333333333
2018	22	0.2402125
2018	23	0.239391666666667
2018	24	0.238570833333333
2018	25	0.23775
2018	26	0.236929166666667
2018	27	0.236108333333333
2018	28	0.2352875
2018	29	0.234466666666667
2018	30	0.233645833333333
2018	31	0.232825
2018	32	0.232004166666667
2018	33	0.231183333333333
2018	34	0.2303625
2018	35	0.229541666666667
2018	36	0.228720833333333
2018	37	0.2279
2018	38	0.227079166666667
2018	39	0.226258333333333
2018	40	0.2254375
2018	41	0.224616666666667
2018	42	0.223795833333333
2018	43	0.222975
2018	44	0.222154166666667
2018	45	0.221333333333333
2018	46	0.2205125
2018	47	0.219691666666667
2018	48	0.218870833333333
2018	49	0.21805
2018	50	0.217229166666667
2018	51	0.216408333333333
2018	52	0.2155875
2018	53	0.214766666666667
2018	54	0.213945833333333
2018	55	0.213125
2018	56	0.212304166666667
2018	57	0.211483333333333
2018	58	0.2106625
2018	59	0.209841666666667
2018	60	0.209020833333333
2018	61	0.2082
2018	62	0.209336842105263
2018	63	0.210473684210526
2018	64	0.211610526315789
2018	65	0.212747368421053
2018	66	0.213884210526316
2018	67	0.215021052631579
2018	68	0.216157894736842
2018	69	0.217294736842105
2018	70	0.218431578947368
2018	71	0.219568421052632
2018	72	0.220705263157895
2018	73	0.221842105263158
2018	74	0.222978947368421
2018	75	0.224115789473684
2018	76	0.225252631578947
2018	77	0.226389473684211
2018	78	0.227526315789474
2018	79	0.228663157894737
2018	80	0.2298
2018	81	0.227633333333333
2018	82	0.225466666666667
2018	83	0.2233
2018	84	0.221133333333333
2018	85	0.218966666666667
2018	86	0.2168
2018	87	0.214633333333333
2018	88	0.212466666666667
2018	89	0.2103
2018	90	0.21252
2018	91	0.21474
2018	92	0.21696
2018	93	0.21918
2018	94	0.2214
2018	95	0.22362
2018	96	0.22584
2018	97	0.22806
2018	98	0.23028
2018	99	0.2325
2018	100	0.23472
2018	101	0.23694
2018	102	0.23916
2018	103	0.24138
2018	104	0.2436
2018	105	0.24582
2018	106	0.24804
2018	107	0.25026
2018	108	0.25248
2018	109	0.2547
2018	110	0.25692
2018	111	0.25914
2018	112	0.26136
2018	113	0.26358
2018	114	0.2658
2018	115	0.26802
2018	116	0.27024
2018	117	0.27246
2018	118	0.27468
2018	119	0.2769
2018	120	0.27912
2018	121	0.28134
2018	122	0.28356
2018	123	0.28578
2018	124	0.288
2018	125	0.294144444444444
2018	126	0.300288888888889
2018	127	0.306433333333333
2018	128	0.312577777777778
2018	129	0.318722222222222
2018	130	0.324866666666667
2018	131	0.331011111111111
2018	132	0.337155555555556
2018	133	0.3433
2018	134	0.349444444444444
2018	135	0.355588888888889
2018	136	0.361733333333333
2018	137	0.367877777777778
2018	138	0.374022222222222
2018	139	0.380166666666667
2018	140	0.386311111111111
2018	141	0.392455555555556
2018	142	0.3986
2018	143	0.413955555555556
2018	144	0.429311111111111
2018	145	0.444666666666667
2018	146	0.460022222222222
2018	147	0.475377777777778
2018	148	0.490733333333333
2018	149	0.506088888888889
2018	150	0.521444444444444
2018	151	0.5368
2018	152	0.538571428571429
2018	153	0.540342857142857
2018	154	0.542114285714286
2018	155	0.543885714285714
2018	156	0.545657142857143
2018	157	0.547428571428571
2018	158	0.5492
2018	159	0.550971428571429
2018	160	0.552742857142857
2018	161	0.554514285714286
2018	162	0.556285714285714
2018	163	0.558057142857143
2018	164	0.559828571428571
2018	165	0.5616
2018	166	0.564004347826087
2018	167	0.566408695652174
2018	168	0.568813043478261
2018	169	0.571217391304348
2018	170	0.573621739130435
2018	171	0.576026086956522
2018	172	0.578430434782609
2018	173	0.580834782608696
2018	174	0.583239130434783
2018	175	0.585643478260869
2018	176	0.588047826086957
2018	177	0.590452173913043
2018	178	0.59285652173913
2018	179	0.595260869565217
2018	180	0.597665217391304
2018	181	0.600069565217391
2018	182	0.602473913043478
2018	183	0.604878260869565
2018	184	0.607282608695652
2018	185	0.609686956521739
2018	186	0.612091304347826
2018	187	0.614495652173913
2018	188	0.6169
2018	189	0.620833333333333
2018	190	0.624766666666667
2018	191	0.6287
2018	192	0.632633333333333
2018	193	0.636566666666667
2018	194	0.6405
2018	195	0.644433333333333
2018	196	0.648366666666667
2018	197	0.6523
2018	198	0.656233333333333
2018	199	0.660166666666667
2018	200	0.6641
2018	201	0.66014
2018	202	0.65618
2018	203	0.65222
2018	204	0.64826
2018	205	0.6443
2018	206	0.64034
2018	207	0.63638
2018	208	0.63242
2018	209	0.62846
2018	210	0.6245
2018	211	0.62054
2018	212	0.61658
2018	213	0.61262
2018	214	0.60866
2018	215	0.6047
2018	216	0.60074
2018	217	0.59678
2018	218	0.59282
2018	219	0.58886
2018	220	0.5849
2018	221	0.58678
2018	222	0.58866
2018	223	0.59054
2018	224	0.59242
2018	225	0.5943
2018	226	0.59153125
2018	227	0.5887625
2018	228	0.58599375
2018	229	0.583225
2018	230	0.58045625
2018	231	0.5776875
2018	232	0.57491875
2018	233	0.57215
2018	234	0.56938125
2018	235	0.5666125
2018	236	0.56384375
2018	237	0.561075
2018	238	0.55830625
2018	239	0.5555375
2018	240	0.55276875
2018	241	0.55
2018	242	0.546066666666667
2018	243	0.542133333333333
2018	244	0.5382
2018	245	0.534266666666667
2018	246	0.530333333333333
2018	247	0.5264
2018	248	0.522466666666667
2018	249	0.518533333333333
2018	250	0.5146
2018	251	0.510666666666667
2018	252	0.506733333333333
2018	253	0.5028
2018	254	0.498866666666667
2018	255	0.494933333333333
2018	256	0.491
2018	257	0.487066666666667
2018	258	0.483133333333333
2018	259	0.4792
2018	260	0.475266666666667
2018	261	0.471333333333333
2018	262	0.4674
2018	263	0.463466666666667
2018	264	0.459533333333333
2018	265	0.4556
2018	266	0.451666666666667
2018	267	0.447733333333333
2018	268	0.4438
2018	269	0.439385714285714
2018	270	0.434971428571429
2018	271	0.430557142857143
2018	272	0.426142857142857
2018	273	0.421728571428571
2018	274	0.417314285714286
2018	275	0.4129
2018	276	0.409804
2018	277	0.406708
2018	278	0.403612
2018	279	0.400516
2018	280	0.39742
2018	281	0.394324
2018	282	0.391228
2018	283	0.388132
2018	284	0.385036
2018	285	0.38194
2018	286	0.378844
2018	287	0.375748
2018	288	0.372652
2018	289	0.369556
2018	290	0.36646
2018	291	0.363364
2018	292	0.360268
2018	293	0.357172
2018	294	0.354076
2018	295	0.35098
2018	296	0.347884
2018	297	0.344788
2018	298	0.341692
2018	299	0.338596
2018	300	0.3355
2018	301	0.330981818181818
2018	302	0.326463636363636
2018	303	0.321945454545455
2018	304	0.317427272727273
2018	305	0.312909090909091
2018	306	0.308390909090909
2018	307	0.303872727272727
2018	308	0.299354545454545
2018	309	0.294836363636364
2018	310	0.290318181818182
2018	311	0.2858
2018	312	0.284635714285714
2018	313	0.283471428571429
2018	314	0.282307142857143
2018	315	0.281142857142857
2018	316	0.279978571428571
2018	317	0.278814285714286
2018	318	0.27765
2018	319	0.276485714285714
2018	320	0.275321428571429
2018	321	0.274157142857143
2018	322	0.272992857142857
2018	323	0.271828571428571
2018	324	0.270664285714286
2018	325	0.2695
2018	326	0.2688875
2018	327	0.268275
2018	328	0.2676625
2018	329	0.26705
2018	330	0.2664375
2018	331	0.265825
2018	332	0.2652125
2018	333	0.2646
2018	334	0.2639875
2018	335	0.263375
2018	336	0.2627625
2018	337	0.26215
2018	338	0.2615375
2018	339	0.260925
2018	340	0.2603125
2018	341	0.2597
2018	342	0.2590875
2018	343	0.258475
2018	344	0.2578625
2018	345	0.25725
2018	346	0.2566375
2018	347	0.256025
2018	348	0.2554125
2018	349	0.2548
2018	350	0.2541875
2018	351	0.253575
2018	352	0.2529625
2018	353	0.25235
2018	354	0.2517375
2018	355	0.251125
2018	356	0.2505125
2018	357	0.2499
2018	358	0.2492875
2018	359	0.248675
2018	360	0.2480625
2018	361	0.24745
2018	362	0.2468375
2018	363	0.246225
2018	364	0.2456125
2018	365	0.245
2019	1	0.2443875
2019	2	0.243775
2019	3	0.2431625
2019	4	0.24255
2019	5	0.2419375
2019	6	0.241325
2019	7	0.2407125
2019	8	0.2401
2019	9	0.239791666666667
2019	10	0.239483333333333
2019	11	0.239175
2019	12	0.238866666666667
2019	13	0.238558333333333
2019	14	0.23825
2019	15	0.237941666666667
2019	16	0.237633333333333
2019	17	0.237325
2019	18	0.237016666666667
2019	19	0.236708333333333
2019	20	0.2364
2019	21	0.236091666666667
2019	22	0.235783333333333
2019	23	0.235475
2019	24	0.235166666666667
2019	25	0.234858333333333
2019	26	0.23455
2019	27	0.234241666666667
2019	28	0.233933333333333
2019	29	0.233625
2019	30	0.233316666666667
2019	31	0.233008333333333
2019	32	0.2327
2019	33	0.233445454545455
2019	34	0.234190909090909
2019	35	0.234936363636364
2019	36	0.235681818181818
2019	37	0.236427272727273
2019	38	0.237172727272727
2019	39	0.237918181818182
2019	40	0.238663636363636
2019	41	0.239409090909091
2019	42	0.240154545454545
2019	43	0.2409
2019	44	0.240659459459459
2019	45	0.240418918918919
2019	46	0.240178378378378
2019	47	0.239937837837838
2019	48	0.239697297297297
2019	49	0.239456756756757
2019	50	0.239216216216216
2019	51	0.238975675675676
2019	52	0.238735135135135
2019	53	0.238494594594595
2019	54	0.238254054054054
2019	55	0.238013513513514
2019	56	0.237772972972973
2019	57	0.237532432432432
2019	58	0.237291891891892
2019	59	0.237051351351351
2019	60	0.236810810810811
2019	61	0.23657027027027
2019	62	0.23632972972973
2019	63	0.236089189189189
2019	64	0.235848648648649
2019	65	0.235608108108108
2019	66	0.235367567567568
2019	67	0.235127027027027
2019	68	0.234886486486486
2019	69	0.234645945945946
2019	70	0.234405405405405
2019	71	0.234164864864865
2019	72	0.233924324324324
2019	73	0.233683783783784
2019	74	0.233443243243243
2019	75	0.233202702702703
2019	76	0.232962162162162
2019	77	0.232721621621622
2019	78	0.232481081081081
2019	79	0.232240540540541
2019	80	0.232
2019	81	0.230216666666667
2019	82	0.228433333333333
2019	83	0.22665
2019	84	0.224866666666667
2019	85	0.223083333333333
2019	86	0.2213
2019	87	0.219516666666667
2019	88	0.217733333333333
2019	89	0.21595
2019	90	0.214166666666667
2019	91	0.212383333333333
2019	92	0.2106
2019	93	0.213041176470588
2019	94	0.215482352941176
2019	95	0.217923529411765
2019	96	0.220364705882353
2019	97	0.222805882352941
2019	98	0.225247058823529
2019	99	0.227688235294118
2019	100	0.230129411764706
2019	101	0.232570588235294
2019	102	0.235011764705882
2019	103	0.237452941176471
2019	104	0.239894117647059
2019	105	0.242335294117647
2019	106	0.244776470588235
2019	107	0.247217647058824
2019	108	0.249658823529412
2019	109	0.2521
2019	110	0.254107692307692
2019	111	0.256115384615385
2019	112	0.258123076923077
2019	113	0.260130769230769
2019	114	0.262138461538462
2019	115	0.264146153846154
2019	116	0.266153846153846
2019	117	0.268161538461538
2019	118	0.270169230769231
2019	119	0.272176923076923
2019	120	0.274184615384615
2019	121	0.276192307692308
2019	122	0.2782
2019	123	0.28085
2019	124	0.2835
2019	125	0.28615
2019	126	0.2888
2019	127	0.29145
2019	128	0.2941
2019	129	0.29675
2019	130	0.2994
2019	131	0.30205
2019	132	0.3047
2019	133	0.30735
2019	134	0.31
2019	135	0.317360869565217
2019	136	0.324721739130435
2019	137	0.332082608695652
2019	138	0.33944347826087
2019	139	0.346804347826087
2019	140	0.354165217391304
2019	141	0.361526086956522
2019	142	0.368886956521739
2019	143	0.376247826086957
2019	144	0.383608695652174
2019	145	0.390969565217391
2019	146	0.398330434782609
2019	147	0.405691304347826
2019	148	0.413052173913043
2019	149	0.420413043478261
2019	150	0.427773913043478
2019	151	0.435134782608696
2019	152	0.442495652173913
2019	153	0.44985652173913
2019	154	0.457217391304348
2019	155	0.464578260869565
2019	156	0.471939130434783
2019	157	0.4793
2019	158	0.482777777777778
2019	159	0.486255555555556
2019	160	0.489733333333333
2019	161	0.493211111111111
2019	162	0.496688888888889
2019	163	0.500166666666667
2019	164	0.503644444444445
2019	165	0.507122222222222
2019	166	0.5106
2019	167	0.514077777777778
2019	168	0.517555555555556
2019	169	0.521033333333333
2019	170	0.524511111111111
2019	171	0.527988888888889
2019	172	0.531466666666667
2019	173	0.534944444444444
2019	174	0.538422222222222
2019	175	0.5419
2019	176	0.5405
2019	177	0.5391
2019	178	0.539866666666667
2019	179	0.540633333333333
2019	180	0.5414
2019	181	0.542166666666667
2019	182	0.542933333333333
2019	183	0.5437
2019	184	0.544466666666667
2019	185	0.545233333333333
2019	186	0.546
2019	187	0.546766666666667
2019	188	0.547533333333333
2019	189	0.5483
2019	190	0.549066666666667
2019	191	0.549833333333333
2019	192	0.5506
2019	193	0.551366666666667
2019	194	0.552133333333333
2019	195	0.5529
2019	196	0.553666666666667
2019	197	0.554433333333333
2019	198	0.5552
2019	199	0.555966666666667
2019	200	0.556733333333333
2019	201	0.5575
2019	202	0.558266666666667
2019	203	0.559033333333333
2019	204	0.5598
2019	205	0.560566666666667
2019	206	0.561333333333333
2019	207	0.5621
2019	208	0.562218181818182
2019	209	0.562336363636364
2019	210	0.562454545454546
2019	211	0.562572727272727
2019	212	0.562690909090909
2019	213	0.562809090909091
2019	214	0.562927272727273
2019	215	0.563045454545455
2019	216	0.563163636363636
2019	217	0.563281818181818
2019	218	0.5634
2019	219	0.560233333333333
2019	220	0.557066666666667
2019	221	0.5539
2019	222	0.550733333333333
2019	223	0.547566666666667
2019	224	0.5444
2019	225	0.541233333333333
2019	226	0.538066666666667
2019	227	0.5349
2019	228	0.531733333333333
2019	229	0.528566666666667
2019	230	0.5254
2019	231	0.52503
2019	232	0.52466
2019	233	0.52429
2019	234	0.52392
2019	235	0.52355
2019	236	0.52318
2019	237	0.52281
2019	238	0.52244
2019	239	0.52207
2019	240	0.5217
2019	241	0.52133
2019	242	0.52096
2019	243	0.52059
2019	244	0.52022
2019	245	0.51985
2019	246	0.51948
2019	247	0.51911
2019	248	0.51874
2019	249	0.51837
2019	250	0.518
2019	251	0.518135714285714
2019	252	0.518271428571429
2019	253	0.518407142857143
2019	254	0.518542857142857
2019	255	0.518678571428571
2019	256	0.518814285714286
2019	257	0.51895
2019	258	0.519085714285714
2019	259	0.519221428571429
2019	260	0.519357142857143
2019	261	0.519492857142857
2019	262	0.519628571428571
2019	263	0.519764285714286
2019	264	0.5199
2019	265	0.518325
2019	266	0.51675
2019	267	0.515175
2019	268	0.5136
2019	269	0.512025
2019	270	0.51045
2019	271	0.508875
2019	272	0.5073
2019	273	0.505725
2019	274	0.50415
2019	275	0.502575
2019	276	0.501
2019	277	0.499425
2019	278	0.49785
2019	279	0.496275
2019	280	0.4947
2019	281	0.48479375
2019	282	0.4748875
2019	283	0.46498125
2019	284	0.455075
2019	285	0.44516875
2019	286	0.4352625
2019	287	0.42535625
2019	288	0.41545
2019	289	0.40554375
2019	290	0.3956375
2019	291	0.38573125
2019	292	0.375825
2019	293	0.36591875
2019	294	0.3560125
2019	295	0.34610625
2019	296	0.3362
2019	297	0.33455652173913
2019	298	0.332913043478261
2019	299	0.331269565217391
2019	300	0.329626086956522
2019	301	0.327982608695652
2019	302	0.326339130434783
2019	303	0.324695652173913
2019	304	0.323052173913043
2019	305	0.321408695652174
2019	306	0.319765217391304
2019	307	0.318121739130435
2019	308	0.316478260869565
2019	309	0.314834782608696
2019	310	0.313191304347826
2019	311	0.311547826086957
2019	312	0.309904347826087
2019	313	0.308260869565217
2019	314	0.306617391304348
2019	315	0.304973913043478
2019	316	0.303330434782609
2019	317	0.301686956521739
2019	318	0.30004347826087
2019	319	0.2984
2019	320	0.294144444444444
2019	321	0.289888888888889
2019	322	0.285633333333333
2019	323	0.281377777777778
2019	324	0.277122222222222
2019	325	0.272866666666667
2019	326	0.268611111111111
2019	327	0.264355555555556
2019	328	0.2601
2019	329	0.257693181818182
2019	330	0.255286363636364
2019	331	0.252879545454545
2019	332	0.250472727272727
2019	333	0.248065909090909
2019	334	0.245659090909091
2019	335	0.243252272727273
2019	336	0.240845454545455
2019	337	0.238438636363636
2019	338	0.236031818181818
2019	339	0.233625
2019	340	0.231218181818182
2019	341	0.228811363636364
2019	342	0.226404545454545
2019	343	0.223997727272727
2019	344	0.221590909090909
2019	345	0.219184090909091
2019	346	0.216777272727273
2019	347	0.214370454545455
2019	348	0.211963636363636
2019	349	0.209556818181818
2019	350	0.20715
2019	351	0.204743181818182
2019	352	0.202336363636364
2019	353	0.199929545454545
2019	354	0.197522727272727
2019	355	0.195115909090909
2019	356	0.192709090909091
2019	357	0.190302272727273
2019	358	0.187895454545455
2019	359	0.185488636363636
2019	360	0.183081818181818
2019	361	0.180675
2019	362	0.178268181818182
2019	363	0.175861363636364
2019	364	0.173454545454545
2019	365	0.171047727272727
2020	1	0.168640909090909
2020	2	0.166234090909091
2020	3	0.163827272727273
2020	4	0.161420454545455
2020	5	0.159013636363636
2020	6	0.156606818181818
2020	7	0.1542
2020	8	0.157313043478261
2020	9	0.160426086956522
2020	10	0.163539130434783
2020	11	0.166652173913043
2020	12	0.169765217391304
2020	13	0.172878260869565
2020	14	0.175991304347826
2020	15	0.179104347826087
2020	16	0.182217391304348
2020	17	0.185330434782609
2020	18	0.18844347826087
2020	19	0.19155652173913
2020	20	0.194669565217391
2020	21	0.197782608695652
2020	22	0.200895652173913
2020	23	0.204008695652174
2020	24	0.207121739130435
2020	25	0.210234782608696
2020	26	0.213347826086957
2020	27	0.216460869565217
2020	28	0.219573913043478
2020	29	0.222686956521739
2020	30	0.2258
2020	31	0.22558125
2020	32	0.2253625
2020	33	0.22514375
2020	34	0.224925
2020	35	0.22470625
2020	36	0.2244875
2020	37	0.22426875
2020	38	0.22405
2020	39	0.22383125
2020	40	0.2236125
2020	41	0.22339375
2020	42	0.223175
2020	43	0.22295625
2020	44	0.2227375
2020	45	0.22251875
2020	46	0.2223
2020	47	0.222472222222222
2020	48	0.222644444444444
2020	49	0.222816666666667
2020	50	0.222988888888889
2020	51	0.223161111111111
2020	52	0.223333333333333
2020	53	0.223505555555556
2020	54	0.223677777777778
2020	55	0.22385
2020	56	0.224022222222222
2020	57	0.224194444444444
2020	58	0.224366666666667
2020	59	0.224538888888889
2020	60	0.224711111111111
2020	61	0.224883333333333
2020	62	0.225055555555556
2020	63	0.225227777777778
2020	64	0.2254
2020	65	0.22105
2020	66	0.2167
2020	67	0.217632
2020	68	0.218564
2020	69	0.219496
2020	70	0.220428
2020	71	0.22136
2020	72	0.222292
2020	73	0.223224
2020	74	0.224156
2020	75	0.225088
2020	76	0.22602
2020	77	0.226952
2020	78	0.227884
2020	79	0.228816
2020	80	0.229748
2020	81	0.23068
2020	82	0.231612
2020	83	0.232544
2020	84	0.233476
2020	85	0.234408
2020	86	0.23534
2020	87	0.236272
2020	88	0.237204
2020	89	0.238136
2020	90	0.239068
2020	91	0.24
2020	92	0.241257142857143
2020	93	0.242514285714286
2020	94	0.243771428571429
2020	95	0.245028571428571
2020	96	0.246285714285714
2020	97	0.247542857142857
2020	98	0.2488
2020	99	0.250652173913044
2020	100	0.252504347826087
2020	101	0.25435652173913
2020	102	0.256208695652174
2020	103	0.258060869565217
2020	104	0.259913043478261
2020	105	0.261765217391304
2020	106	0.263617391304348
2020	107	0.265469565217391
2020	108	0.267321739130435
2020	109	0.269173913043478
2020	110	0.271026086956522
2020	111	0.272878260869565
2020	112	0.274730434782609
2020	113	0.276582608695652
2020	114	0.278434782608696
2020	115	0.280286956521739
2020	116	0.282139130434783
2020	117	0.283991304347826
2020	118	0.28584347826087
2020	119	0.287695652173913
2020	120	0.289547826086957
2020	121	0.2914
2020	122	0.294588888888889
2020	123	0.297777777777778
2020	124	0.300966666666667
2020	125	0.304155555555556
2020	126	0.307344444444444
2020	127	0.310533333333333
2020	128	0.313722222222222
2020	129	0.316911111111111
2020	130	0.3201
2020	131	0.323288888888889
2020	132	0.326477777777778
2020	133	0.329666666666667
2020	134	0.332855555555556
2020	135	0.336044444444444
2020	136	0.339233333333333
2020	137	0.342422222222222
2020	138	0.345611111111111
2020	139	0.3488
2020	140	0.35548125
2020	141	0.3621625
2020	142	0.36884375
2020	143	0.375525
2020	144	0.38220625
2020	145	0.3888875
2020	146	0.39556875
2020	147	0.40225
2020	148	0.40893125
2020	149	0.4156125
2020	150	0.42229375
2020	151	0.428975
2020	152	0.43565625
2020	153	0.4423375
2020	154	0.44901875
2020	155	0.4557
2020	156	0.459814285714286
2020	157	0.463928571428571
2020	158	0.468042857142857
2020	159	0.472157142857143
2020	160	0.476271428571429
2020	161	0.480385714285714
2020	162	0.4845
2020	163	0.485438095238095
2020	164	0.486376190476191
2020	165	0.487314285714286
2020	166	0.488252380952381
2020	167	0.489190476190476
2020	168	0.490128571428571
2020	169	0.491066666666667
2020	170	0.492004761904762
2020	171	0.492942857142857
2020	172	0.493880952380952
2020	173	0.494819047619048
2020	174	0.495757142857143
2020	175	0.496695238095238
2020	176	0.497633333333333
2020	177	0.498571428571429
2020	178	0.499509523809524
2020	179	0.500447619047619
2020	180	0.501385714285714
2020	181	0.50232380952381
2020	182	0.503261904761905
2020	183	0.5042
2020	184	0.503245833333333
2020	185	0.502291666666667
2020	186	0.5013375
2020	187	0.500383333333333
2020	188	0.499429166666667
2020	189	0.498475
2020	190	0.497520833333333
2020	191	0.496566666666667
2020	192	0.4956125
2020	193	0.494658333333333
2020	194	0.493704166666667
2020	195	0.49275
2020	196	0.491795833333333
2020	197	0.490841666666667
2020	198	0.4898875
2020	199	0.488933333333333
2020	200	0.487979166666667
2020	201	0.487025
2020	202	0.486070833333333
2020	203	0.485116666666667
2020	204	0.4841625
2020	205	0.483208333333333
2020	206	0.482254166666667
2020	207	0.4813
2020	208	0.487271428571429
2020	209	0.493242857142857
2020	210	0.499214285714286
2020	211	0.505185714285714
2020	212	0.511157142857143
2020	213	0.517128571428571
2020	214	0.5231
2020	215	0.524483333333333
2020	216	0.525866666666667
2020	217	0.52725
2020	218	0.528633333333333
2020	219	0.530016666666667
2020	220	0.5314
2020	221	0.532783333333333
2020	222	0.534166666666667
2020	223	0.53555
2020	224	0.536933333333333
2020	225	0.538316666666667
2020	226	0.5397
2020	227	0.535775
2020	228	0.53185
2020	229	0.527925
2020	230	0.524
2020	231	0.520075
2020	232	0.51615
2020	233	0.512225
2020	234	0.5083
2020	235	0.504375
2020	236	0.50045
2020	237	0.496525
2020	238	0.4926
2020	239	0.488675
2020	240	0.48475
2020	241	0.480825
2020	242	0.4769
2020	243	0.475225
2020	244	0.47355
2020	245	0.471875
2020	246	0.4702
2020	247	0.468525
2020	248	0.46685
2020	249	0.465175
2020	250	0.4635
2020	251	0.461825
2020	252	0.46015
2020	253	0.458475
2020	254	0.4568
2020	255	0.455125
2020	256	0.45345
2020	257	0.451775
2020	258	0.4501
2020	259	0.445565
2020	260	0.44103
2020	261	0.436495
2020	262	0.43196
2020	263	0.427425
2020	264	0.42289
2020	265	0.418355
2020	266	0.41382
2020	267	0.409285
2020	268	0.40475
2020	269	0.400215
2020	270	0.39568
2020	271	0.391145
2020	272	0.38661
2020	273	0.382075
2020	274	0.37754
2020	275	0.373005
2020	276	0.36847
2020	277	0.363935
2020	278	0.3594
2020	279	0.356958333333333
2020	280	0.354516666666667
2020	281	0.352075
2020	282	0.349633333333333
2020	283	0.347191666666667
2020	284	0.34475
2020	285	0.342308333333333
2020	286	0.339866666666667
2020	287	0.337425
2020	288	0.334983333333333
2020	289	0.332541666666667
2020	290	0.3301
2020	291	0.328011111111111
2020	292	0.325922222222222
2020	293	0.323833333333333
2020	294	0.321744444444444
2020	295	0.319655555555556
2020	296	0.317566666666667
2020	297	0.315477777777778
2020	298	0.313388888888889
2020	299	0.3113
2020	300	0.309211111111111
2020	301	0.307122222222222
2020	302	0.305033333333333
2020	303	0.302944444444444
2020	304	0.300855555555556
2020	305	0.298766666666667
2020	306	0.296677777777778
2020	307	0.294588888888889
2020	308	0.2925
2020	309	0.292069565217391
2020	310	0.291639130434783
2020	311	0.291208695652174
2020	312	0.290778260869565
2020	313	0.290347826086957
2020	314	0.289917391304348
2020	315	0.289486956521739
2020	316	0.28905652173913
2020	317	0.288626086956522
2020	318	0.288195652173913
2020	319	0.287765217391304
2020	320	0.287334782608696
2020	321	0.286904347826087
2020	322	0.286473913043478
2020	323	0.28604347826087
2020	324	0.285613043478261
2020	325	0.285182608695652
2020	326	0.284752173913044
2020	327	0.284321739130435
2020	328	0.283891304347826
2020	329	0.283460869565217
2020	330	0.283030434782609
2020	331	0.2826
2020	332	0.286314285714286
2020	333	0.290028571428571
2020	334	0.293742857142857
2020	335	0.297457142857143
2020	336	0.301171428571429
2020	337	0.304885714285714
2020	338	0.3086
2020	339	0.30619375
2020	340	0.3037875
2020	341	0.30138125
2020	342	0.298975
2020	343	0.29656875
2020	344	0.2941625
2020	345	0.29175625
2020	346	0.28935
2020	347	0.28694375
2020	348	0.2845375
2020	349	0.28213125
2020	350	0.279725
2020	351	0.27731875
2020	352	0.2749125
2020	353	0.27250625
2020	354	0.2701
2020	355	0.268878260869565
2020	356	0.26765652173913
2020	357	0.266434782608696
2020	358	0.265213043478261
2020	359	0.263991304347826
2020	360	0.262769565217391
2020	361	0.261547826086957
2020	362	0.260326086956522
2020	363	0.259104347826087
2020	364	0.257882608695652
2020	365	0.256660869565217
2020	366	0.255439130434783
