2016	1	-9999
2016	2	-9999
2016	3	-9999
2016	4	-9999
2016	5	-9999
2016	6	-9999
2016	7	-9999
2016	8	-9999
2016	9	-9999
2016	10	-9999
2016	11	-9999
2016	12	-9999
2016	13	-9999
2016	14	-9999
2016	15	-9999
2016	16	-9999
2016	17	-9999
2016	18	-9999
2016	19	-9999
2016	20	-9999
2016	21	-9999
2016	22	-9999
2016	23	-9999
2016	24	-9999
2016	25	-9999
2016	26	-9999
2016	27	-9999
2016	28	-9999
2016	29	-9999
2016	30	-9999
2016	31	-9999
2016	32	-9999
2016	33	-9999
2016	34	-9999
2016	35	-9999
2016	36	-9999
2016	37	-9999
2016	38	-9999
2016	39	-9999
2016	40	-9999
2016	41	-9999
2016	42	-9999
2016	43	-9999
2016	44	-9999
2016	45	-9999
2016	46	-9999
2016	47	-9999
2016	48	-9999
2016	49	-9999
2016	50	-9999
2016	51	-9999
2016	52	-9999
2016	53	-9999
2016	54	-9999
2016	55	-9999
2016	56	-9999
2016	57	-9999
2016	58	-9999
2016	59	-9999
2016	60	-9999
2016	61	-9999
2016	62	-9999
2016	63	-9999
2016	64	-9999
2016	65	-9999
2016	66	-9999
2016	67	-9999
2016	68	-9999
2016	69	-9999
2016	70	-9999
2016	71	-9999
2016	72	-9999
2016	73	-9999
2016	74	-9999
2016	75	-9999
2016	76	-9999
2016	77	0.2558
2016	78	0.254085714285714
2016	79	0.252371428571429
2016	80	0.250657142857143
2016	81	0.248942857142857
2016	82	0.247228571428571
2016	83	0.245514285714286
2016	84	0.2438
2016	85	0.242085714285714
2016	86	0.240371428571429
2016	87	0.238657142857143
2016	88	0.236942857142857
2016	89	0.235228571428571
2016	90	0.233514285714286
2016	91	0.2318
2016	92	0.234855555555556
2016	93	0.237911111111111
2016	94	0.240966666666667
2016	95	0.244022222222222
2016	96	0.247077777777778
2016	97	0.250133333333333
2016	98	0.253188888888889
2016	99	0.256244444444444
2016	100	0.2593
2016	101	0.259304347826087
2016	102	0.259308695652174
2016	103	0.259313043478261
2016	104	0.259317391304348
2016	105	0.259321739130435
2016	106	0.259326086956522
2016	107	0.259330434782609
2016	108	0.259334782608696
2016	109	0.259339130434783
2016	110	0.25934347826087
2016	111	0.259347826086957
2016	112	0.259352173913044
2016	113	0.25935652173913
2016	114	0.259360869565217
2016	115	0.259365217391304
2016	116	0.259369565217391
2016	117	0.259373913043478
2016	118	0.259378260869565
2016	119	0.259382608695652
2016	120	0.259386956521739
2016	121	0.259391304347826
2016	122	0.259395652173913
2016	123	0.2594
2016	124	0.26109375
2016	125	0.2627875
2016	126	0.26448125
2016	127	0.266175
2016	128	0.26786875
2016	129	0.2695625
2016	130	0.27125625
2016	131	0.27295
2016	132	0.27464375
2016	133	0.2763375
2016	134	0.27803125
2016	135	0.279725
2016	136	0.28141875
2016	137	0.2831125
2016	138	0.28480625
2016	139	0.2865
2016	140	0.284625
2016	141	0.28275
2016	142	0.280875
2016	143	0.279
2016	144	0.277125
2016	145	0.27525
2016	146	0.273375
2016	147	0.2715
2016	148	0.269625
2016	149	0.26775
2016	150	0.265875
2016	151	0.264
2016	152	0.262125
2016	153	0.26025
2016	154	0.258375
2016	155	0.2565
2016	156	0.25568125
2016	157	0.2548625
2016	158	0.25404375
2016	159	0.253225
2016	160	0.25240625
2016	161	0.2515875
2016	162	0.25076875
2016	163	0.24995
2016	164	0.24913125
2016	165	0.2483125
2016	166	0.24749375
2016	167	0.246675
2016	168	0.24585625
2016	169	0.2450375
2016	170	0.24421875
2016	171	0.2434
2016	172	0.239
2016	173	0.2346
2016	174	0.2302
2016	175	0.2258
2016	176	0.2214
2016	177	0.217
2016	178	0.2126
2016	179	0.2082
2016	180	0.2038
2016	181	0.202686956521739
2016	182	0.201573913043478
2016	183	0.200460869565217
2016	184	0.199347826086957
2016	185	0.198234782608696
2016	186	0.197121739130435
2016	187	0.196008695652174
2016	188	0.194895652173913
2016	189	0.193782608695652
2016	190	0.192669565217391
2016	191	0.19155652173913
2016	192	0.19044347826087
2016	193	0.189330434782609
2016	194	0.188217391304348
2016	195	0.187104347826087
2016	196	0.185991304347826
2016	197	0.184878260869565
2016	198	0.183765217391304
2016	199	0.182652173913043
2016	200	0.181539130434783
2016	201	0.180426086956522
2016	202	0.179313043478261
2016	203	0.1782
2016	204	0.17806875
2016	205	0.1779375
2016	206	0.17780625
2016	207	0.177675
2016	208	0.17754375
2016	209	0.1774125
2016	210	0.17728125
2016	211	0.17715
2016	212	0.17701875
2016	213	0.1768875
2016	214	0.17675625
2016	215	0.176625
2016	216	0.17649375
2016	217	0.1763625
2016	218	0.17623125
2016	219	0.1761
2016	220	0.1750375
2016	221	0.173975
2016	222	0.1729125
2016	223	0.17185
2016	224	0.1707875
2016	225	0.169725
2016	226	0.1686625
2016	227	0.1676
2016	228	0.1665375
2016	229	0.165475
2016	230	0.1644125
2016	231	0.16335
2016	232	0.1622875
2016	233	0.161225
2016	234	0.1601625
2016	235	0.1591
2016	236	0.159766666666667
2016	237	0.160433333333333
2016	238	0.1611
2016	239	0.161766666666667
2016	240	0.162433333333333
2016	241	0.1631
2016	242	0.163766666666667
2016	243	0.164433333333333
2016	244	0.1651
2016	245	0.16480625
2016	246	0.1645125
2016	247	0.16421875
2016	248	0.163925
2016	249	0.16363125
2016	250	0.1633375
2016	251	0.16304375
2016	252	0.16275
2016	253	0.16245625
2016	254	0.1621625
2016	255	0.16186875
2016	256	0.161575
2016	257	0.16128125
2016	258	0.1609875
2016	259	0.16069375
2016	260	0.1604
2016	261	0.160252173913043
2016	262	0.160104347826087
2016	263	0.15995652173913
2016	264	0.159808695652174
2016	265	0.159660869565217
2016	266	0.159513043478261
2016	267	0.159365217391304
2016	268	0.159217391304348
2016	269	0.159069565217391
2016	270	0.158921739130435
2016	271	0.158773913043478
2016	272	0.158626086956522
2016	273	0.158478260869565
2016	274	0.158330434782609
2016	275	0.158182608695652
2016	276	0.158034782608696
2016	277	0.157886956521739
2016	278	0.157739130434783
2016	279	0.157591304347826
2016	280	0.15744347826087
2016	281	0.157295652173913
2016	282	0.157147826086957
2016	283	0.157
2016	284	0.16243
2016	285	0.16786
2016	286	0.17329
2016	287	0.17872
2016	288	0.18415
2016	289	0.18958
2016	290	0.19501
2016	291	0.20044
2016	292	0.20587
2016	293	0.2113
2016	294	0.210954545454545
2016	295	0.210609090909091
2016	296	0.210263636363636
2016	297	0.209918181818182
2016	298	0.209572727272727
2016	299	0.209227272727273
2016	300	0.208881818181818
2016	301	0.208536363636364
2016	302	0.208190909090909
2016	303	0.207845454545455
2016	304	0.2075
2016	305	0.207154545454545
2016	306	0.206809090909091
2016	307	0.206463636363636
2016	308	0.206118181818182
2016	309	0.205772727272727
2016	310	0.205427272727273
2016	311	0.205081818181818
2016	312	0.204736363636364
2016	313	0.204390909090909
2016	314	0.204045454545455
2016	315	0.2037
2016	316	0.204717391304348
2016	317	0.205734782608696
2016	318	0.206752173913043
2016	319	0.207769565217391
2016	320	0.208786956521739
2016	321	0.209804347826087
2016	322	0.210821739130435
2016	323	0.211839130434783
2016	324	0.21285652173913
2016	325	0.213873913043478
2016	326	0.214891304347826
2016	327	0.215908695652174
2016	328	0.216926086956522
2016	329	0.21794347826087
2016	330	0.218960869565217
2016	331	0.219978260869565
2016	332	0.220995652173913
2016	333	0.222013043478261
2016	334	0.223030434782609
2016	335	0.224047826086957
2016	336	0.225065217391304
2016	337	0.226082608695652
2016	338	0.2271
2016	339	0.22760826446281
2016	340	0.22811652892562
2016	341	0.22862479338843
2016	342	0.22913305785124
2016	343	0.22964132231405
2016	344	0.23014958677686
2016	345	0.230657851239669
2016	346	0.231166115702479
2016	347	0.231674380165289
2016	348	0.232182644628099
2016	349	0.232690909090909
2016	350	0.233199173553719
2016	351	0.233707438016529
2016	352	0.234215702479339
2016	353	0.234723966942149
2016	354	0.235232231404959
2016	355	0.235740495867769
2016	356	0.236248760330579
2016	357	0.236757024793388
2016	358	0.237265289256198
2016	359	0.237773553719008
2016	360	0.238281818181818
2016	361	0.238790082644628
2016	362	0.239298347107438
2016	363	0.239806611570248
2016	364	0.240314876033058
2016	365	0.240823140495868
2016	366	0.241331404958678
2017	1	0.241839669421488
2017	2	0.242347933884298
2017	3	0.242856198347107
2017	4	0.243364462809917
2017	5	0.243872727272727
2017	6	0.244380991735537
2017	7	0.244889256198347
2017	8	0.245397520661157
2017	9	0.245905785123967
2017	10	0.246414049586777
2017	11	0.246922314049587
2017	12	0.247430578512397
2017	13	0.247938842975207
2017	14	0.248447107438017
2017	15	0.248955371900827
2017	16	0.249463636363636
2017	17	0.249971900826446
2017	18	0.250480165289256
2017	19	0.250988429752066
2017	20	0.251496694214876
2017	21	0.252004958677686
2017	22	0.252513223140496
2017	23	0.253021487603306
2017	24	0.253529752066116
2017	25	0.254038016528926
2017	26	0.254546280991736
2017	27	0.255054545454545
2017	28	0.255562809917355
2017	29	0.256071074380165
2017	30	0.256579338842975
2017	31	0.257087603305785
2017	32	0.257595867768595
2017	33	0.258104132231405
2017	34	0.258612396694215
2017	35	0.259120661157025
2017	36	0.259628925619835
2017	37	0.260137190082645
2017	38	0.260645454545455
2017	39	0.261153719008265
2017	40	0.261661983471074
2017	41	0.262170247933884
2017	42	0.262678512396694
2017	43	0.263186776859504
2017	44	0.263695041322314
2017	45	0.264203305785124
2017	46	0.264711570247934
2017	47	0.265219834710744
2017	48	0.265728099173554
2017	49	0.266236363636364
2017	50	0.266744628099174
2017	51	0.267252892561983
2017	52	0.267761157024793
2017	53	0.268269421487603
2017	54	0.268777685950413
2017	55	0.269285950413223
2017	56	0.269794214876033
2017	57	0.270302479338843
2017	58	0.270810743801653
2017	59	0.271319008264463
2017	60	0.271827272727273
2017	61	0.272335537190083
2017	62	0.272843801652893
2017	63	0.273352066115703
2017	64	0.273860330578512
2017	65	0.274368595041322
2017	66	0.274876859504132
2017	67	0.275385123966942
2017	68	0.275893388429752
2017	69	0.276401652892562
2017	70	0.276909917355372
2017	71	0.277418181818182
2017	72	0.277926446280992
2017	73	0.278434710743802
2017	74	0.278942975206612
2017	75	0.279451239669422
2017	76	0.279959504132231
2017	77	0.280467768595041
2017	78	0.280976033057851
2017	79	0.281484297520661
2017	80	0.281992561983471
2017	81	0.282500826446281
2017	82	0.283009090909091
2017	83	0.283517355371901
2017	84	0.284025619834711
2017	85	0.284533884297521
2017	86	0.285042148760331
2017	87	0.285550413223141
2017	88	0.28605867768595
2017	89	0.28656694214876
2017	90	0.28707520661157
2017	91	0.28758347107438
2017	92	0.28809173553719
2017	93	0.2886
2017	94	0.287561538461538
2017	95	0.286523076923077
2017	96	0.285484615384615
2017	97	0.284446153846154
2017	98	0.283407692307692
2017	99	0.282369230769231
2017	100	0.281330769230769
2017	101	0.280292307692308
2017	102	0.279253846153846
2017	103	0.278215384615385
2017	104	0.277176923076923
2017	105	0.276138461538462
2017	106	0.2751
2017	107	0.274933333333333
2017	108	0.274766666666667
2017	109	0.2746
2017	110	0.274433333333333
2017	111	0.274266666666667
2017	112	0.2741
2017	113	0.273933333333333
2017	114	0.273766666666667
2017	115	0.2736
2017	116	0.273433333333333
2017	117	0.273266666666667
2017	118	0.2731
2017	119	0.272933333333333
2017	120	0.272766666666667
2017	121	0.2726
2017	122	0.272433333333333
2017	123	0.272266666666667
2017	124	0.2721
2017	125	0.271933333333333
2017	126	0.271766666666667
2017	127	0.2716
2017	128	0.272042857142857
2017	129	0.272485714285714
2017	130	0.272928571428571
2017	131	0.273371428571429
2017	132	0.273814285714286
2017	133	0.274257142857143
2017	134	0.2747
2017	135	0.275142857142857
2017	136	0.275585714285714
2017	137	0.276028571428571
2017	138	0.276471428571429
2017	139	0.276914285714286
2017	140	0.277357142857143
2017	141	0.2778
2017	142	0.2766125
2017	143	0.275425
2017	144	0.2742375
2017	145	0.27305
2017	146	0.2718625
2017	147	0.270675
2017	148	0.2694875
2017	149	0.2683
2017	150	0.2671125
2017	151	0.265925
2017	152	0.2647375
2017	153	0.26355
2017	154	0.2623625
2017	155	0.261175
2017	156	0.2599875
2017	157	0.2588
2017	158	0.25695
2017	159	0.2551
2017	160	0.25325
2017	161	0.2514
2017	162	0.24955
2017	163	0.2477
2017	164	0.24585
2017	165	0.244
2017	166	0.24215
2017	167	0.2403
2017	168	0.23845
2017	169	0.2366
2017	170	0.23475
2017	171	0.2329
2017	172	0.23105
2017	173	0.2292
2017	174	0.22869375
2017	175	0.2281875
2017	176	0.22768125
2017	177	0.227175
2017	178	0.22666875
2017	179	0.2261625
2017	180	0.22565625
2017	181	0.22515
2017	182	0.22464375
2017	183	0.2241375
2017	184	0.22363125
2017	185	0.223125
2017	186	0.22261875
2017	187	0.2221125
2017	188	0.22160625
2017	189	0.2211
2017	190	0.217566666666667
2017	191	0.214033333333333
2017	192	0.2105
2017	193	0.206966666666667
2017	194	0.203433333333333
2017	195	0.1999
2017	196	0.196366666666667
2017	197	0.192833333333333
2017	198	0.1893
2017	199	0.1888125
2017	200	0.188325
2017	201	0.1878375
2017	202	0.18735
2017	203	0.1868625
2017	204	0.186375
2017	205	0.1858875
2017	206	0.1854
2017	207	0.1849125
2017	208	0.184425
2017	209	0.1839375
2017	210	0.18345
2017	211	0.1829625
2017	212	0.182475
2017	213	0.1819875
2017	214	0.1815
2017	215	0.18085625
2017	216	0.1802125
2017	217	0.17956875
2017	218	0.178925
2017	219	0.17828125
2017	220	0.1776375
2017	221	0.17699375
2017	222	0.17635
2017	223	0.17570625
2017	224	0.1750625
2017	225	0.17441875
2017	226	0.173775
2017	227	0.17313125
2017	228	0.1724875
2017	229	0.17184375
2017	230	0.1712
2017	231	0.171691304347826
2017	232	0.172182608695652
2017	233	0.172673913043478
2017	234	0.173165217391304
2017	235	0.17365652173913
2017	236	0.174147826086957
2017	237	0.174639130434783
2017	238	0.175130434782609
2017	239	0.175621739130435
2017	240	0.176113043478261
2017	241	0.176604347826087
2017	242	0.177095652173913
2017	243	0.177586956521739
2017	244	0.178078260869565
2017	245	0.178569565217391
2017	246	0.179060869565217
2017	247	0.179552173913043
2017	248	0.18004347826087
2017	249	0.180534782608696
2017	250	0.181026086956522
2017	251	0.181517391304348
2017	252	0.182008695652174
2017	253	0.1825
2017	254	0.1824
2017	255	0.1823
2017	256	0.1822
2017	257	0.1821
2017	258	0.182
2017	259	0.1819
2017	260	0.1818
2017	261	0.181727777777778
2017	262	0.181655555555556
2017	263	0.181583333333333
2017	264	0.181511111111111
2017	265	0.181438888888889
2017	266	0.181366666666667
2017	267	0.181294444444444
2017	268	0.181222222222222
2017	269	0.18115
2017	270	0.181077777777778
2017	271	0.181005555555556
2017	272	0.180933333333333
2017	273	0.180861111111111
2017	274	0.180788888888889
2017	275	0.180716666666667
2017	276	0.180644444444444
2017	277	0.180572222222222
2017	278	0.1805
2017	279	0.182211111111111
2017	280	0.183922222222222
2017	281	0.185633333333333
2017	282	0.187344444444444
2017	283	0.189055555555556
2017	284	0.190766666666667
2017	285	0.192477777777778
2017	286	0.194188888888889
2017	287	0.1959
2017	288	0.197611111111111
2017	289	0.199322222222222
2017	290	0.201033333333333
2017	291	0.202744444444444
2017	292	0.204455555555556
2017	293	0.206166666666667
2017	294	0.207877777777778
2017	295	0.209588888888889
2017	296	0.2113
2017	297	0.212281818181818
2017	298	0.213263636363636
2017	299	0.214245454545455
2017	300	0.215227272727273
2017	301	0.216209090909091
2017	302	0.217190909090909
2017	303	0.218172727272727
2017	304	0.219154545454545
2017	305	0.220136363636364
2017	306	0.221118181818182
2017	307	0.2221
2017	308	0.223081818181818
2017	309	0.224063636363636
2017	310	0.225045454545455
2017	311	0.226027272727273
2017	312	0.227009090909091
2017	313	0.227990909090909
2017	314	0.228972727272727
2017	315	0.229954545454545
2017	316	0.230936363636364
2017	317	0.231918181818182
2017	318	0.2329
2017	319	0.232313333333333
2017	320	0.231726666666667
2017	321	0.23114
2017	322	0.230553333333333
2017	323	0.229966666666667
2017	324	0.22938
2017	325	0.228793333333333
2017	326	0.228206666666667
2017	327	0.22762
2017	328	0.227033333333333
2017	329	0.226446666666667
2017	330	0.22586
2017	331	0.225273333333333
2017	332	0.224686666666667
2017	333	0.2241
2017	334	0.22408
2017	335	0.22406
2017	336	0.22404
2017	337	0.22402
2017	338	0.224
2017	339	0.22398
2017	340	0.22396
2017	341	0.22394
2017	342	0.22392
2017	343	0.2239
2017	344	0.22388
2017	345	0.22386
2017	346	0.22384
2017	347	0.22382
2017	348	0.2238
2017	349	0.22378
2017	350	0.22376
2017	351	0.22374
2017	352	0.22372
2017	353	0.2237
2017	354	0.22368
2017	355	0.22366
2017	356	0.22364
2017	357	0.22362
2017	358	0.2236
2017	359	0.22358
2017	360	0.22356
2017	361	0.22354
2017	362	0.22352
2017	363	0.2235
2017	364	0.22348
2017	365	0.22346
2018	1	0.22344
2018	2	0.22342
2018	3	0.2234
2018	4	0.22338
2018	5	0.22336
2018	6	0.22334
2018	7	0.22332
2018	8	0.2233
2018	9	0.22328
2018	10	0.22326
2018	11	0.22324
2018	12	0.22322
2018	13	0.2232
2018	14	0.224029166666667
2018	15	0.224858333333333
2018	16	0.2256875
2018	17	0.226516666666667
2018	18	0.227345833333333
2018	19	0.228175
2018	20	0.229004166666667
2018	21	0.229833333333333
2018	22	0.2306625
2018	23	0.231491666666667
2018	24	0.232320833333333
2018	25	0.23315
2018	26	0.233979166666667
2018	27	0.234808333333333
2018	28	0.2356375
2018	29	0.236466666666667
2018	30	0.237295833333333
2018	31	0.238125
2018	32	0.238954166666667
2018	33	0.239783333333333
2018	34	0.2406125
2018	35	0.241441666666667
2018	36	0.242270833333333
2018	37	0.2431
2018	38	0.242935294117647
2018	39	0.242770588235294
2018	40	0.242605882352941
2018	41	0.242441176470588
2018	42	0.242276470588235
2018	43	0.242111764705882
2018	44	0.241947058823529
2018	45	0.241782352941176
2018	46	0.241617647058824
2018	47	0.241452941176471
2018	48	0.241288235294118
2018	49	0.241123529411765
2018	50	0.240958823529412
2018	51	0.240794117647059
2018	52	0.240629411764706
2018	53	0.240464705882353
2018	54	0.2403
2018	55	0.240135294117647
2018	56	0.239970588235294
2018	57	0.239805882352941
2018	58	0.239641176470588
2018	59	0.239476470588235
2018	60	0.239311764705882
2018	61	0.239147058823529
2018	62	0.238982352941176
2018	63	0.238817647058824
2018	64	0.238652941176471
2018	65	0.238488235294118
2018	66	0.238323529411765
2018	67	0.238158823529412
2018	68	0.237994117647059
2018	69	0.237829411764706
2018	70	0.237664705882353
2018	71	0.2375
2018	72	0.2377
2018	73	0.2379
2018	74	0.2381
2018	75	0.2383
2018	76	0.2385
2018	77	0.2387
2018	78	0.2389
2018	79	0.2391
2018	80	0.2393
2018	81	0.2395
2018	82	0.2397
2018	83	0.2399
2018	84	0.2401
2018	85	0.2403
2018	86	0.2405
2018	87	0.2407
2018	88	0.24228
2018	89	0.24386
2018	90	0.24544
2018	91	0.24702
2018	92	0.2486
2018	93	0.25018
2018	94	0.25176
2018	95	0.25334
2018	96	0.25492
2018	97	0.2565
2018	98	0.25808
2018	99	0.25966
2018	100	0.26124
2018	101	0.26282
2018	102	0.2644
2018	103	0.26598
2018	104	0.26756
2018	105	0.26914
2018	106	0.27072
2018	107	0.2723
2018	108	0.27388
2018	109	0.27546
2018	110	0.27704
2018	111	0.27862
2018	112	0.2802
2018	113	0.28046875
2018	114	0.2807375
2018	115	0.28100625
2018	116	0.281275
2018	117	0.28154375
2018	118	0.2818125
2018	119	0.28208125
2018	120	0.28235
2018	121	0.28261875
2018	122	0.2828875
2018	123	0.28315625
2018	124	0.283425
2018	125	0.28369375
2018	126	0.2839625
2018	127	0.28423125
2018	128	0.2845
2018	129	0.29128
2018	130	0.29806
2018	131	0.30484
2018	132	0.31162
2018	133	0.3184
2018	134	0.31438125
2018	135	0.3103625
2018	136	0.30634375
2018	137	0.302325
2018	138	0.29830625
2018	139	0.2942875
2018	140	0.29026875
2018	141	0.28625
2018	142	0.28223125
2018	143	0.2782125
2018	144	0.27419375
2018	145	0.270175
2018	146	0.26615625
2018	147	0.2621375
2018	148	0.25811875
2018	149	0.2541
2018	150	0.25235
2018	151	0.2506
2018	152	0.24885
2018	153	0.2471
2018	154	0.24535
2018	155	0.2436
2018	156	0.24185
2018	157	0.2401
2018	158	0.23835
2018	159	0.2366
2018	160	0.23485
2018	161	0.2331
2018	162	0.23135
2018	163	0.2296
2018	164	0.22785
2018	165	0.2261
2018	166	0.222877777777778
2018	167	0.219655555555556
2018	168	0.216433333333333
2018	169	0.213211111111111
2018	170	0.209988888888889
2018	171	0.206766666666667
2018	172	0.203544444444444
2018	173	0.200322222222222
2018	174	0.1971
2018	175	0.193877777777778
2018	176	0.190655555555556
2018	177	0.187433333333333
2018	178	0.184211111111111
2018	179	0.180988888888889
2018	180	0.177766666666667
2018	181	0.174544444444444
2018	182	0.171322222222222
2018	183	0.1681
2018	184	0.16811875
2018	185	0.1681375
2018	186	0.16815625
2018	187	0.168175
2018	188	0.16819375
2018	189	0.1682125
2018	190	0.16823125
2018	191	0.16825
2018	192	0.16826875
2018	193	0.1682875
2018	194	0.16830625
2018	195	0.168325
2018	196	0.16834375
2018	197	0.1683625
2018	198	0.16838125
2018	199	0.1684
2018	200	0.16806875
2018	201	0.1677375
2018	202	0.16740625
2018	203	0.167075
2018	204	0.16674375
2018	205	0.1664125
2018	206	0.16608125
2018	207	0.16575
2018	208	0.16541875
2018	209	0.1650875
2018	210	0.16475625
2018	211	0.164425
2018	212	0.16409375
2018	213	0.1637625
2018	214	0.16343125
2018	215	0.1631
2018	216	0.162928
2018	217	0.162756
2018	218	0.162584
2018	219	0.162412
2018	220	0.16224
2018	221	0.162068
2018	222	0.161896
2018	223	0.161724
2018	224	0.161552
2018	225	0.16138
2018	226	0.161208
2018	227	0.161036
2018	228	0.160864
2018	229	0.160692
2018	230	0.16052
2018	231	0.160348
2018	232	0.160176
2018	233	0.160004
2018	234	0.159832
2018	235	0.15966
2018	236	0.159488
2018	237	0.159316
2018	238	0.159144
2018	239	0.158972
2018	240	0.1588
2018	241	0.158828571428571
2018	242	0.158857142857143
2018	243	0.158885714285714
2018	244	0.158914285714286
2018	245	0.158942857142857
2018	246	0.158971428571429
2018	247	0.159
2018	248	0.1593375
2018	249	0.159675
2018	250	0.1600125
2018	251	0.16035
2018	252	0.1606875
2018	253	0.161025
2018	254	0.1613625
2018	255	0.1617
2018	256	0.1620375
2018	257	0.162375
2018	258	0.1627125
2018	259	0.16305
2018	260	0.1633875
2018	261	0.163725
2018	262	0.1640625
2018	263	0.1644
2018	264	0.164032
2018	265	0.163664
2018	266	0.163296
2018	267	0.162928
2018	268	0.16256
2018	269	0.162192
2018	270	0.161824
2018	271	0.161456
2018	272	0.161088
2018	273	0.16072
2018	274	0.160352
2018	275	0.159984
2018	276	0.159616
2018	277	0.159248
2018	278	0.15888
2018	279	0.158512
2018	280	0.158144
2018	281	0.157776
2018	282	0.157408
2018	283	0.15704
2018	284	0.156672
2018	285	0.156304
2018	286	0.155936
2018	287	0.155568
2018	288	0.1552
2018	289	0.155428571428571
2018	290	0.155657142857143
2018	291	0.155885714285714
2018	292	0.156114285714286
2018	293	0.156342857142857
2018	294	0.156571428571429
2018	295	0.1568
2018	296	0.157332
2018	297	0.157864
2018	298	0.158396
2018	299	0.158928
2018	300	0.15946
2018	301	0.159992
2018	302	0.160524
2018	303	0.161056
2018	304	0.161588
2018	305	0.16212
2018	306	0.162652
2018	307	0.163184
2018	308	0.163716
2018	309	0.164248
2018	310	0.16478
2018	311	0.165312
2018	312	0.165844
2018	313	0.166376
2018	314	0.166908
2018	315	0.16744
2018	316	0.167972
2018	317	0.168504
2018	318	0.169036
2018	319	0.169568
2018	320	0.1701
2018	321	0.1682
2018	322	0.1663
2018	323	0.16698115942029
2018	324	0.16766231884058
2018	325	0.16834347826087
2018	326	0.169024637681159
2018	327	0.169705797101449
2018	328	0.170386956521739
2018	329	0.171068115942029
2018	330	0.171749275362319
2018	331	0.172430434782609
2018	332	0.173111594202899
2018	333	0.173792753623188
2018	334	0.174473913043478
2018	335	0.175155072463768
2018	336	0.175836231884058
2018	337	0.176517391304348
2018	338	0.177198550724638
2018	339	0.177879710144928
2018	340	0.178560869565217
2018	341	0.179242028985507
2018	342	0.179923188405797
2018	343	0.180604347826087
2018	344	0.181285507246377
2018	345	0.181966666666667
2018	346	0.182647826086957
2018	347	0.183328985507246
2018	348	0.184010144927536
2018	349	0.184691304347826
2018	350	0.185372463768116
2018	351	0.186053623188406
2018	352	0.186734782608696
2018	353	0.187415942028986
2018	354	0.188097101449275
2018	355	0.188778260869565
2018	356	0.189459420289855
2018	357	0.190140579710145
2018	358	0.190821739130435
2018	359	0.191502898550725
2018	360	0.192184057971015
2018	361	0.192865217391304
2018	362	0.193546376811594
2018	363	0.194227536231884
2018	364	0.194908695652174
2018	365	0.195589855072464
2019	1	0.196271014492754
2019	2	0.196952173913043
2019	3	0.197633333333333
2019	4	0.198314492753623
2019	5	0.198995652173913
2019	6	0.199676811594203
2019	7	0.200357971014493
2019	8	0.201039130434783
2019	9	0.201720289855072
2019	10	0.202401449275362
2019	11	0.203082608695652
2019	12	0.203763768115942
2019	13	0.204444927536232
2019	14	0.205126086956522
2019	15	0.205807246376812
2019	16	0.206488405797101
2019	17	0.207169565217391
2019	18	0.207850724637681
2019	19	0.208531884057971
2019	20	0.209213043478261
2019	21	0.209894202898551
2019	22	0.210575362318841
2019	23	0.21125652173913
2019	24	0.21193768115942
2019	25	0.21261884057971
2019	26	0.2133
2019	27	0.213854
2019	28	0.214408
2019	29	0.214962
2019	30	0.215516
2019	31	0.21607
2019	32	0.216624
2019	33	0.217178
2019	34	0.217732
2019	35	0.218286
2019	36	0.21884
2019	37	0.219394
2019	38	0.219948
2019	39	0.220502
2019	40	0.221056
2019	41	0.22161
2019	42	0.222164
2019	43	0.222718
2019	44	0.223272
2019	45	0.223826
2019	46	0.22438
2019	47	0.224934
2019	48	0.225488
2019	49	0.226042
2019	50	0.226596
2019	51	0.22715
2019	52	0.227704
2019	53	0.228258
2019	54	0.228812
2019	55	0.229366
2019	56	0.22992
2019	57	0.230474
2019	58	0.231028
2019	59	0.231582
2019	60	0.232136
2019	61	0.23269
2019	62	0.233244
2019	63	0.233798
2019	64	0.234352
2019	65	0.234906
2019	66	0.23546
2019	67	0.236014
2019	68	0.236568
2019	69	0.237122
2019	70	0.237676
2019	71	0.23823
2019	72	0.238784
2019	73	0.239338
2019	74	0.239892
2019	75	0.240446
2019	76	0.241
2019	77	0.23056
2019	78	0.22012
2019	79	0.20968
2019	80	0.19924
2019	81	0.1888
2019	82	0.191648148148148
2019	83	0.194496296296296
2019	84	0.197344444444444
2019	85	0.200192592592593
2019	86	0.203040740740741
2019	87	0.205888888888889
2019	88	0.208737037037037
2019	89	0.211585185185185
2019	90	0.214433333333333
2019	91	0.217281481481481
2019	92	0.22012962962963
2019	93	0.222977777777778
2019	94	0.225825925925926
2019	95	0.228674074074074
2019	96	0.231522222222222
2019	97	0.23437037037037
2019	98	0.237218518518519
2019	99	0.240066666666667
2019	100	0.242914814814815
2019	101	0.245762962962963
2019	102	0.248611111111111
2019	103	0.251459259259259
2019	104	0.254307407407407
2019	105	0.257155555555556
2019	106	0.260003703703704
2019	107	0.262851851851852
2019	108	0.2657
2019	109	0.266542857142857
2019	110	0.267385714285714
2019	111	0.268228571428571
2019	112	0.269071428571429
2019	113	0.269914285714286
2019	114	0.270757142857143
2019	115	0.2716
2019	116	0.2708375
2019	117	0.270075
2019	118	0.2693125
2019	119	0.26855
2019	120	0.2677875
2019	121	0.267025
2019	122	0.2662625
2019	123	0.2655
2019	124	0.2647375
2019	125	0.263975
2019	126	0.2632125
2019	127	0.26245
2019	128	0.2616875
2019	129	0.260925
2019	130	0.2601625
2019	131	0.2594
2019	132	0.260464
2019	133	0.261528
2019	134	0.262592
2019	135	0.263656
2019	136	0.26472
2019	137	0.265784
2019	138	0.266848
2019	139	0.267912
2019	140	0.268976
2019	141	0.27004
2019	142	0.271104
2019	143	0.272168
2019	144	0.273232
2019	145	0.274296
2019	146	0.27536
2019	147	0.276424
2019	148	0.277488
2019	149	0.278552
2019	150	0.279616
2019	151	0.28068
2019	152	0.281744
2019	153	0.282808
2019	154	0.283872
2019	155	0.284936
2019	156	0.286
2019	157	0.285308333333333
2019	158	0.284616666666667
2019	159	0.283925
2019	160	0.283233333333333
2019	161	0.282541666666667
2019	162	0.28185
2019	163	0.281158333333333
2019	164	0.280466666666667
2019	165	0.279775
2019	166	0.279083333333333
2019	167	0.278391666666667
2019	168	0.2777
2019	169	0.275369230769231
2019	170	0.273038461538462
2019	171	0.270707692307692
2019	172	0.268376923076923
2019	173	0.266046153846154
2019	174	0.263715384615385
2019	175	0.261384615384615
2019	176	0.259053846153846
2019	177	0.256723076923077
2019	178	0.254392307692308
2019	179	0.252061538461539
2019	180	0.249730769230769
2019	181	0.2474
2019	182	0.247852631578947
2019	183	0.248305263157895
2019	184	0.248757894736842
2019	185	0.249210526315789
2019	186	0.249663157894737
2019	187	0.250115789473684
2019	188	0.250568421052632
2019	189	0.251021052631579
2019	190	0.251473684210526
2019	191	0.251926315789474
2019	192	0.252378947368421
2019	193	0.252831578947368
2019	194	0.253284210526316
2019	195	0.253736842105263
2019	196	0.254189473684211
2019	197	0.254642105263158
2019	198	0.255094736842105
2019	199	0.255547368421053
2019	200	0.256
2019	201	0.253485
2019	202	0.25097
2019	203	0.248455
2019	204	0.24594
2019	205	0.243425
2019	206	0.24091
2019	207	0.238395
2019	208	0.23588
2019	209	0.233365
2019	210	0.23085
2019	211	0.228335
2019	212	0.22582
2019	213	0.223305
2019	214	0.22079
2019	215	0.218275
2019	216	0.21576
2019	217	0.213245
2019	218	0.21073
2019	219	0.208215
2019	220	0.2057
2019	221	0.203442857142857
2019	222	0.201185714285714
2019	223	0.198928571428571
2019	224	0.196671428571429
2019	225	0.194414285714286
2019	226	0.192157142857143
2019	227	0.1899
2019	228	0.190389285714286
2019	229	0.190878571428571
2019	230	0.191367857142857
2019	231	0.191857142857143
2019	232	0.192346428571429
2019	233	0.192835714285714
2019	234	0.193325
2019	235	0.193814285714286
2019	236	0.194303571428571
2019	237	0.194792857142857
2019	238	0.195282142857143
2019	239	0.195771428571429
2019	240	0.196260714285714
2019	241	0.19675
2019	242	0.197239285714286
2019	243	0.197728571428571
2019	244	0.198217857142857
2019	245	0.198707142857143
2019	246	0.199196428571429
2019	247	0.199685714285714
2019	248	0.200175
2019	249	0.200664285714286
2019	250	0.201153571428571
2019	251	0.201642857142857
2019	252	0.202132142857143
2019	253	0.202621428571429
2019	254	0.203110714285714
2019	255	0.2036
2019	256	0.202038461538462
2019	257	0.200476923076923
2019	258	0.198915384615385
2019	259	0.197353846153846
2019	260	0.195792307692308
2019	261	0.194230769230769
2019	262	0.192669230769231
2019	263	0.191107692307692
2019	264	0.189546153846154
2019	265	0.187984615384615
2019	266	0.186423076923077
2019	267	0.184861538461538
2019	268	0.1833
2019	269	0.185485714285714
2019	270	0.187671428571429
2019	271	0.189857142857143
2019	272	0.192042857142857
2019	273	0.194228571428571
2019	274	0.196414285714286
2019	275	0.1986
2019	276	0.199209523809524
2019	277	0.199819047619048
2019	278	0.200428571428571
2019	279	0.201038095238095
2019	280	0.201647619047619
2019	281	0.202257142857143
2019	282	0.202866666666667
2019	283	0.20347619047619
2019	284	0.204085714285714
2019	285	0.204695238095238
2019	286	0.205304761904762
2019	287	0.205914285714286
2019	288	0.20652380952381
2019	289	0.207133333333333
2019	290	0.207742857142857
2019	291	0.208352380952381
2019	292	0.208961904761905
2019	293	0.209571428571429
2019	294	0.210180952380952
2019	295	0.210790476190476
2019	296	0.2114
2019	297	0.209344444444444
2019	298	0.207288888888889
2019	299	0.205233333333333
2019	300	0.203177777777778
2019	301	0.201122222222222
2019	302	0.199066666666667
2019	303	0.197011111111111
2019	304	0.194955555555556
2019	305	0.1929
2019	306	0.190844444444444
2019	307	0.188788888888889
2019	308	0.186733333333333
2019	309	0.184677777777778
2019	310	0.182622222222222
2019	311	0.180566666666667
2019	312	0.178511111111111
2019	313	0.176455555555556
2019	314	0.1744
2019	315	0.177254545454545
2019	316	0.180109090909091
2019	317	0.182963636363636
2019	318	0.185818181818182
2019	319	0.188672727272727
2019	320	0.191527272727273
2019	321	0.194381818181818
2019	322	0.197236363636364
2019	323	0.200090909090909
2019	324	0.202945454545455
2019	325	0.2058
2019	326	0.206479487179487
2019	327	0.207158974358974
2019	328	0.207838461538462
2019	329	0.208517948717949
2019	330	0.209197435897436
2019	331	0.209876923076923
2019	332	0.21055641025641
2019	333	0.211235897435897
2019	334	0.211915384615385
2019	335	0.212594871794872
2019	336	0.213274358974359
2019	337	0.213953846153846
2019	338	0.214633333333333
2019	339	0.215312820512821
2019	340	0.215992307692308
2019	341	0.216671794871795
2019	342	0.217351282051282
2019	343	0.218030769230769
2019	344	0.218710256410256
2019	345	0.219389743589744
2019	346	0.220069230769231
2019	347	0.220748717948718
2019	348	0.221428205128205
2019	349	0.222107692307692
2019	350	0.22278717948718
2019	351	0.223466666666667
2019	352	0.224146153846154
2019	353	0.224825641025641
2019	354	0.225505128205128
2019	355	0.226184615384615
2019	356	0.226864102564103
2019	357	0.22754358974359
2019	358	0.228223076923077
2019	359	0.228902564102564
2019	360	0.229582051282051
2019	361	0.230261538461538
2019	362	0.230941025641026
2019	363	0.231620512820513
2019	364	0.2323
2019	365	0.232979487179487
2020	1	0.233658974358974
2020	2	0.234338461538462
2020	3	0.235017948717949
2020	4	0.235697435897436
2020	5	0.236376923076923
2020	6	0.23705641025641
2020	7	0.237735897435897
2020	8	0.238415384615385
2020	9	0.239094871794872
2020	10	0.239774358974359
2020	11	0.240453846153846
2020	12	0.241133333333333
2020	13	0.241812820512821
2020	14	0.242492307692308
2020	15	0.243171794871795
2020	16	0.243851282051282
2020	17	0.244530769230769
2020	18	0.245210256410256
2020	19	0.245889743589744
2020	20	0.246569230769231
2020	21	0.247248717948718
2020	22	0.247928205128205
2020	23	0.248607692307692
2020	24	0.249287179487179
2020	25	0.249966666666667
2020	26	0.250646153846154
2020	27	0.251325641025641
2020	28	0.252005128205128
2020	29	0.252684615384615
2020	30	0.253364102564103
2020	31	0.25404358974359
2020	32	0.254723076923077
2020	33	0.255402564102564
2020	34	0.256082051282051
2020	35	0.256761538461538
2020	36	0.257441025641026
2020	37	0.258120512820513
2020	38	0.2588
2020	39	0.2553625
2020	40	0.251925
2020	41	0.2484875
2020	42	0.24505
2020	43	0.2416125
2020	44	0.238175
2020	45	0.2347375
2020	46	0.2313
2020	47	0.2278625
2020	48	0.224425
2020	49	0.2209875
2020	50	0.21755
2020	51	0.2141125
2020	52	0.210675
2020	53	0.2072375
2020	54	0.2038
2020	55	0.205284210526316
2020	56	0.206768421052632
2020	57	0.208252631578947
2020	58	0.209736842105263
2020	59	0.211221052631579
2020	60	0.212705263157895
2020	61	0.214189473684211
2020	62	0.215673684210526
2020	63	0.217157894736842
2020	64	0.218642105263158
2020	65	0.220126315789474
2020	66	0.221610526315789
2020	67	0.223094736842105
2020	68	0.224578947368421
2020	69	0.226063157894737
2020	70	0.227547368421053
2020	71	0.229031578947368
2020	72	0.230515789473684
2020	73	0.232
2020	74	0.2324125
2020	75	0.232825
2020	76	0.2332375
2020	77	0.23365
2020	78	0.2340625
2020	79	0.234475
2020	80	0.2348875
2020	81	0.2353
2020	82	0.236069230769231
2020	83	0.236838461538462
2020	84	0.237607692307692
2020	85	0.238376923076923
2020	86	0.239146153846154
2020	87	0.239915384615385
2020	88	0.240684615384615
2020	89	0.241453846153846
2020	90	0.242223076923077
2020	91	0.242992307692308
2020	92	0.243761538461538
2020	93	0.244530769230769
2020	94	0.2453
2020	95	0.246069230769231
2020	96	0.246838461538462
2020	97	0.247607692307692
2020	98	0.248376923076923
2020	99	0.249146153846154
2020	100	0.249915384615385
2020	101	0.250684615384615
2020	102	0.251453846153846
2020	103	0.252223076923077
2020	104	0.252992307692308
2020	105	0.253761538461538
2020	106	0.254530769230769
2020	107	0.2553
2020	108	0.2551
2020	109	0.2549
2020	110	0.2547
2020	111	0.2545
2020	112	0.2543
2020	113	0.2541
2020	114	0.2539
2020	115	0.2537
2020	116	0.2535
2020	117	0.2533
2020	118	0.2531
2020	119	0.2529
2020	120	0.2527
2020	121	0.2525
2020	122	0.2523
2020	123	0.2521
2020	124	0.2519
2020	125	0.2517
2020	126	0.2515
2020	127	0.2513
2020	128	0.255358823529412
2020	129	0.259417647058824
2020	130	0.263476470588235
2020	131	0.267535294117647
2020	132	0.271594117647059
2020	133	0.275652941176471
2020	134	0.279711764705882
2020	135	0.283770588235294
2020	136	0.287829411764706
2020	137	0.291888235294118
2020	138	0.295947058823529
2020	139	0.300005882352941
2020	140	0.304064705882353
2020	141	0.308123529411765
2020	142	0.312182352941176
2020	143	0.316241176470588
2020	144	0.3203
2020	145	0.31337
2020	146	0.30644
2020	147	0.29951
2020	148	0.29258
2020	149	0.28565
2020	150	0.27872
2020	151	0.27179
2020	152	0.26486
2020	153	0.25793
2020	154	0.251
2020	155	0.248052380952381
2020	156	0.245104761904762
2020	157	0.242157142857143
2020	158	0.239209523809524
2020	159	0.236261904761905
2020	160	0.233314285714286
2020	161	0.230366666666667
2020	162	0.227419047619048
2020	163	0.224471428571429
2020	164	0.22152380952381
2020	165	0.21857619047619
2020	166	0.215628571428571
2020	167	0.212680952380952
2020	168	0.209733333333333
2020	169	0.206785714285714
2020	170	0.203838095238095
2020	171	0.200890476190476
2020	172	0.197942857142857
2020	173	0.194995238095238
2020	174	0.192047619047619
2020	175	0.1891
2020	176	0.18855
2020	177	0.188
2020	178	0.18745
2020	179	0.1869
2020	180	0.18635
2020	181	0.1858
2020	182	0.18525
2020	183	0.1847
2020	184	0.18415
2020	185	0.1836
2020	186	0.18305
2020	187	0.1825
2020	188	0.18195
2020	189	0.1814
2020	190	0.18085
2020	191	0.1803
2020	192	0.18045
2020	193	0.1806
2020	194	0.18075
2020	195	0.1809
2020	196	0.18105
2020	197	0.1812
2020	198	0.18135
2020	199	0.1815
2020	200	0.18165
2020	201	0.1818
2020	202	0.18195
2020	203	0.1821
2020	204	0.18225
2020	205	0.1824
2020	206	0.18255
2020	207	0.1827
2020	208	0.1810125
2020	209	0.179325
2020	210	0.1776375
2020	211	0.17595
2020	212	0.1742625
2020	213	0.172575
2020	214	0.1708875
2020	215	0.1692
2020	216	0.1675125
2020	217	0.165825
2020	218	0.1641375
2020	219	0.16245
2020	220	0.1607625
2020	221	0.159075
2020	222	0.1573875
2020	223	0.1557
2020	224	0.15658
2020	225	0.15746
2020	226	0.15834
2020	227	0.15922
2020	228	0.1601
2020	229	0.160926086956522
2020	230	0.161752173913044
2020	231	0.162578260869565
2020	232	0.163404347826087
2020	233	0.164230434782609
2020	234	0.16505652173913
2020	235	0.165882608695652
2020	236	0.166708695652174
2020	237	0.167534782608696
2020	238	0.168360869565217
2020	239	0.169186956521739
2020	240	0.170013043478261
2020	241	0.170839130434783
2020	242	0.171665217391304
2020	243	0.172491304347826
2020	244	0.173317391304348
2020	245	0.17414347826087
2020	246	0.174969565217391
2020	247	0.175795652173913
2020	248	0.176621739130435
2020	249	0.177447826086957
2020	250	0.178273913043478
2020	251	0.1791
2020	252	0.17854
2020	253	0.17798
2020	254	0.17742
2020	255	0.17686
2020	256	0.1763
2020	257	0.17574
2020	258	0.17518
2020	259	0.17462
2020	260	0.17406
2020	261	0.1735
2020	262	0.17294
2020	263	0.17238
2020	264	0.17182
2020	265	0.17126
2020	266	0.1707
2020	267	0.17014
2020	268	0.16958
2020	269	0.16902
2020	270	0.16846
2020	271	0.1679
2020	272	0.168457142857143
2020	273	0.169014285714286
2020	274	0.169571428571429
2020	275	0.170128571428571
2020	276	0.170685714285714
2020	277	0.171242857142857
2020	278	0.1718
2020	279	0.172357142857143
2020	280	0.172914285714286
2020	281	0.173471428571429
2020	282	0.174028571428571
2020	283	0.174585714285714
2020	284	0.175142857142857
2020	285	0.1757
2020	286	0.174233333333333
2020	287	0.172766666666667
2020	288	0.1713
2020	289	0.169833333333333
2020	290	0.168366666666667
2020	291	0.1669
2020	292	0.165433333333333
2020	293	0.163966666666667
2020	294	0.1625
2020	295	0.162175
2020	296	0.16185
2020	297	0.161525
2020	298	0.1612
2020	299	0.160875
2020	300	0.16055
2020	301	0.160225
2020	302	0.1599
2020	303	0.159575
2020	304	0.15925
2020	305	0.158925
2020	306	0.1586
2020	307	0.158275
2020	308	0.15795
2020	309	0.157625
2020	310	0.1573
2020	311	0.1592875
2020	312	0.161275
2020	313	0.1632625
2020	314	0.16525
2020	315	0.1672375
2020	316	0.169225
2020	317	0.1712125
2020	318	0.1732
2020	319	0.1751875
2020	320	0.177175
2020	321	0.1791625
2020	322	0.18115
2020	323	0.1831375
2020	324	0.185125
2020	325	0.1871125
2020	326	0.1891
2020	327	0.191764705882353
2020	328	0.194429411764706
2020	329	0.197094117647059
2020	330	0.199758823529412
2020	331	0.202423529411765
2020	332	0.205088235294118
2020	333	0.207752941176471
2020	334	0.210417647058824
2020	335	0.213082352941177
2020	336	0.215747058823529
2020	337	0.218411764705882
2020	338	0.221076470588235
2020	339	0.223741176470588
2020	340	0.226405882352941
2020	341	0.229070588235294
2020	342	0.231735294117647
2020	343	0.2344
2020	344	0.230933333333333
2020	345	0.227466666666667
2020	346	0.224
2020	347	0.220533333333333
2020	348	0.217066666666667
2020	349	0.2136
2020	350	0.210133333333333
2020	351	0.206666666666667
2020	352	0.2032
2020	353	0.199733333333333
2020	354	0.196266666666667
2020	355	0.1928
2020	356	0.189333333333333
2020	357	0.185866666666667
2020	358	0.1824
2020	359	0.183990476190476
2020	360	0.185580952380952
2020	361	0.187171428571429
2020	362	0.188761904761905
2020	363	0.190352380952381
2020	364	0.191942857142857
2020	365	0.193533333333333
2020	366	0.19512380952381
